HI    1215.6700       6.265E+08 4.164E-01
HI    1025.7222       1.673E+08 7.914E-02
HI    972.5367        6.819E+07 2.901E-02
HI    949.7430        3.437E+07 1.395E-02
HI    937.8034        1.973E+07 7.803E-03
HI    930.7482        1.236E+07 4.816E-03
HI    926.2256        8.255E+06 3.185E-03
HI    923.1503        5.785E+06 2.217E-03
HI    920.9630        4.210E+06 1.606E-03 -2.493  0.170
HI    919.3513        3.160E+06 1.201E-03 -2.619  0.043
HI    918.1293        2.432E+06 9.219E-04 -2.734 -0.072
HI    917.1805        1.911E+06 7.231E-04 -2.840 -0.178
HI    916.4291        1.529E+06 5.777E-04 -2.937 -0.276
HI    915.8238       1.243E+06  4.689E-04 -3.028 -0.367
HI    915.3289       1.024E+06  3.858E-04 -3.113 -0.452
HI    914.9192       8.533E+05  3.212E-04 -3.192 -0.532
HI    914.5762       7.186E+05  2.703E-04 -3.267 -0.607
HI    914.2861       6.109E+05  2.297E-04 -3.338 -0.678
HI    914.0385       5.237E+05  1.968E-04 -3.405 -0.745
HI    913.8256       4.523E+05  1.699E-04 -3.469 -0.809
HI    913.6411       3.933E+05  1.477E-04 -3.530 -0.870
HI    913.4803       3.444E+05  1.293E-04 -3.588 -0.928
HI    913.3391       3.031E+05  1.137E-04 -3.643 -0.984
HI    913.2146       2.681E+05  1.006E-04 -3.697 -1.037
HI    913.1042       2.383E+05  8.936E-05 -3.748 -1.088
HI    913.0059       2.128E+05  7.978E-05 -3.797 -1.138
HI    1215.3394       6.270E+08   4.165E-01 -0.079  2.704
HI    1025.4432       1.674E+08   7.916E-02 -0.800  1.909
HI     972.2722       6.824E+07   2.901E-02 -1.236  1.450
HI     949.4846       3.440E+07   1.395E-02 -1.554  1.122
HI     937.5483       1.974E+07   7.805E-03 -1.807  0.864
HI     930.4950       1.237E+07   4.818E-03 -2.016  0.652
HI     925.9737       8.261E+06   3.186E-03 -2.196  0.470
HI     922.8992       5.789E+06   2.218E-03 -2.353  0.311
HI     920.7125       4.214E+06   1.607E-03 -2.493  0.170
HI     919.1013       3.162E+06   1.201E-03 -2.619  0.043
HI     917.8796       2.434E+06   9.222E-04 -2.734 -0.072
HI     916.9310       1.913E+06   7.233E-04 -2.840 -0.178
HI     916.1798       1.531E+06   5.778E-04 -2.937 -0.276
HI     915.5746       1.244E+06   4.690E-04 -3.028 -0.367
HI     915.0799       1.025E+06   3.859E-04 -3.113 -0.452
HI     914.6704       8.540E+05   3.213E-04 -3.192 -0.532
HI     914.3274       7.192E+05   2.704E-04 -3.267 -0.607
HI     914.0374       6.114E+05   2.297E-04 -3.338 -0.678
HI     913.7899       5.241E+05   1.968E-04 -3.405 -0.745
OI    1302.1685       5.65E+08  4.80E-02  
OI    1039.2304       1.87E+08  9.07E-03  
OI    988.7734        2.26E+08  4.65E-02  -0.634  1.662       
OI    976.4481        3.86E+07  3.31E-03  -1.781  0.509       
OI    971.7382        5.85E+07  1.16E-02  -1.237  1.052       
OI    948.6855        105409.0  6.31E-03  -1.024  0.778       
OI    1355.5977      4.20E+03   1.16E-06  -5.238 -2.805       
OI     950.8846      1.94E+07   1.58E-03  -2.103  0.176       
OI     948.6855      1e7        6.31E-03  -1.024  0.778       
OI     937.8405      1.11E+07   8.77E-04  -2.358 -0.085       
OI     936.6295      1e7        3.65E-03  -1.262  0.534       
OI     930.2566      6.90E+06   5.37E-04  -2.571 -0.301       
OI     929.5168      1e7        2.29E-03  -1.463  0.329       
OI     924.950       1e7        1.54E-03  -1.636  0.155       
OI     922.200       3.21E+06   2.45E-04  -2.911 -0.645       
OI     921.857       1e7        1.08E-03  -1.790 -0.001       
OI     919.917       2.33E+06   1.77E-04  -3.053 -0.788       
OI     919.658       1e7        7.92E-04  -1.925 -0.137       
OI     918.222       1.74E+06   1.32E-04  -3.181 -0.917       
OII    834.465         1e8	 0.132         0.210
OII    833.3294        1e8	 0.886E-01  0.150E+00  10.80   9
OII    832.7572        1e8	 0.444E-01  0.700E-01  10.50   9
OIII   832.927         1e8	 0.107
OIII   702.3320        1e8	 0.137E+00  0.126E+00  10.91   2
OIV    787.711         1e8	 0.111
OIV    608.3980        1e8	 0.670E-01  0.694E-01  10.54   2
OV     629.730         1e8	 0.515
OVI    1037.6167       4.076E+08 6.580E-02
OVI    1031.9261       4.149E+08 1.325E-01
NeVIII 770.409         1e8	 0.103
NeVIII 780.324         1e8	 0.0505
CII    903.9616   	2.74E+09 3.36E-01
CII    903.6235   	6.86E+08 1.68E-01
CII    1334.5323       2.88E+08  1.28E-01  
CII    1036.3367       2.20E+09  1.18E-01  -0.626  2.088       
CII    903.9616        2.74E+09 3.36E-01
CII    903.6235        6.86E+08 1.68E-01
CIIs   1037.0182       2.20E+09  1.18E-01  -0.325  2.088
CIIs   1335.7077       2.88E+08  1.15E-01  -0.336  2.188 
CIII   977.0201        1.76E+09  7.57E-01 
CIV    1550.781        2.628E+08 9.475E-02 -0.722  2.167  7E-4 
CIV    1548.204        2.643E+08 1.899E-01 -0.420  2.468  7E-4 
NI     1200.7098       4.00E+08  4.32E-02  -0.763  1.715	 
NI     1200.2233       4.02E+08  8.69E-02  -0.459  2.018	
NI     1199.5496       4.07E+08  1.32E-01  -0.278  2.199	 
NI     1134.9803       1.44E+08  4.16E-02  -0.779  1.674	 
NI     1134.4149       1.49E+08  2.87E-02  -0.941  1.512	 
NI     1134.1653       1.51E+08  1.46E-02  -1.234  1.219	 
NI      964.377        5.78E+07  2.42E-02  -1.015  1.367
NI	954.1042       1.95E+07  4.00E-03  -1.796  0.582       
NI	953.772        1.73E+08  7.07E-02  -0.548  1.829
NI	953.9699       1.62E+08  3.31E-02  -0.878  1.499       
NI	953.6549       1.81E+08  2.47E-02  -1.005  1.372       
NI	953.4152       1.90E+08  1.29E-02  -1.286  1.091       
NI	952.4148       1.45E+07  1.97E-03  -2.103  0.274       
NI	952.3034       1.12E+07  2.29E-03  -2.039  0.338       
NII    1083.9937       3.74E+08  1.11E-01  -0.956  2.079	 
NIII   989.799         5.00E+08  1.23E-01  -0.610  2.085  0.04 
NIII   763.3400        1e8	 0.820E-01  0.839E-01	9.85   2
NIV    765.148         1e8	 0.616 0.632
NV     1242.804        3.356E+08 7.770E-02 
NV     1238.821        3.391E+08 1.560E-01 
MgII   1240.3947       1.54E+06  3.56E-04 
MgII   1239.9253       1.37E+06  6.32E-04 
MgII   2803.5315       2.595E+08 3.058E-01 -0.214  2.933  0.003
MgII   2796.3543       2.625E+08 6.155E-01  0.090  3.236  0.004
MgX    624.9500        1e8	 0.410E-01  0.410E-01	8.99   2
MgX    609.7900        1e8	 0.842E-01  0.839E-01	9.29   2
SiII   1526.7070       1.13E+09  1.33E-01  
SiII   1304.3702       1.01E+09  8.63E-02  
SiII   1260.4221       2.95E+09  1.18E+00  
SiII   1193.2897       4.07E+09  5.82E-01  
SiII   1190.4158       4.08E+09  2.92E-01  
SiII   1020.6989       1.08E+08  1.68E-02 
SiIII  1206.500        2.48E+09  1.63E+00   
SiIV   1402.7729       8.62E+08  2.54E-01  
SiIV   1393.7602       8.80E+08  5.13E-01  
AlII   1670.7886       1.39E+09  1.74E+00   0.241  3.463       
AlII   935.2738        6.41E+06  2.52E-03  -2.599  0.372       
AlIII  1862.7910       5.34E+08  2.78E-01  -0.255  2.714     
AlIII  1854.7184       5.42E+08  5.59E-01   0.048  3.016     
FeII   1144.9379       3.52E+08  8.30E-02  -0.081  1.978  0.03 
FeII   1143.2260       9.81E+07  1.92E-02  -0.716  1.342	
FeII   1142.3656       2.56E+07  4.01E-03  -1.397  0.661	
FeII   1133.6654       3.06E+07  4.72E-03  -1.326  0.728	
FeII   1608.4511       2.74E+08  5.77E-02  -0.239  1.968  0.026
FeII   1611.2005       2.86E+08  1.38E-03  -1.860  0.347  0.08 
FeII   2382.7652       3.13E+08  3.20E-01   0.505  2.882  0.005
FeII   2600.1729       2.70E+08  2.39E-01   0.378  2.793  0.007
FeII   1127.0984       5.89E+06  1.12E-03  -1.950  0.102       
FeII   1121.9748       1.92E+08  2.90E-02  -0.538  1.512       
FeII   1112.0480       2.00E+07  4.46E-03  -1.351  0.695       
FeII   1096.8769       2.26E+08  3.27E-02  -0.486  1.554       
FeII   1083.4204       1.59E+07  2.80E-03  -1.553  0.482       
FeII   1081.8748       5.98E+07  1.26E-02  -0.900  1.134       
FeII   1063.9718       3.50E+07  4.75E-03  -1.323  0.704       
FeII   1063.1764       3.23E+08  5.47E-02  -0.262  1.765       
FeII   1055.2617       4.61E+07  6.15E-03  -1.211  0.812       
FeIII  1122.524        3.70E+08  5.44E-02  -0.310  1.786       
SII    1259.518        4.65E+07  1.66E-02  -1.178  1.320  0.04 
SII    1253.805        4.62E+07  1.09E-02  -1.361  1.136  0.04 
SII    1250.578        4.63E+07  5.43E-03  -1.663  0.832  0.04 
S_III  1190.203        6.65E+07  2.37E-02  -1.626  1.449  0.02 
SIII   1012.495        2.81E+08  4.38E-02  -1.359  1.647  0.09 
SIII   724.2890        1e8	 0.352E+00  0.000E+00	9.68  12
SIII   698.7310        1e8	 0.783E+00  0.000E+00  10.01  12
SIII   681.4700        1e8	 0.683E-01  0.000E+00	8.94  12
SIII   677.7460        1e8	 0.164E+01  0.000E+00  10.32  12
SIV    1062.664        1.69E+08  4.94E-02  -1.005  1.720       
SIV    809.6680        1e8	 0.104E+00  0.000E+00	9.20   2
SIV    748.4000        1e8	 0.500E+00  0.000E+00	9.84   2
SIV    744.9070        1e8	 0.251E+00  0.000E+00	9.54   2
SIV    657.3400        1e8	 0.118E+01  0.000E+00  10.16   2
SV     786.4800        1e8	 0.142E+01  0.146E+01  10.32   2
SVI    944.523         1.61E+09  2.15E-01 
SVI    933.378         1.67E+09  4.37E-01 
ArI    1066.6598       1.32E+08  6.75E-02  -1.171  1.857  0.005
ArI    1048.2199       3.18E+07  2.63E-01  -0.580  2.440  0.004
ArII   919.7810        1e8	 0.181E-01  0.887E-02	7.78   1
ArII   740.2691        1e8	 0.250E-02  0.250E-02	6.83   2
ArII   723.3605        1e8	 0.181E+00  0.180E+00	8.68   2
ArII   718.0898        1e8	 0.364E-01  0.370E-01	7.98   2
ArII   672.8562        1e8	 0.866E-02  0.000E+00	7.33   2
ArII   671.8513        1e8	 0.781E-01  0.000E+00	8.28   2
ArII   664.5622        1e8	 0.877E-02  0.000E+00	7.33   2
ArII   661.8689        1e8	 0.793E-01  0.000E+00	8.28   2
ZnII   2062.6604       3.86E+08  2.46E-01  -0.308  2.706  0.03 
ZnII   2026.1370       4.07E+08  5.01E-01   0.001  3.007  0.03 
;============================================================
H2_P(1)     911.967  	0.079	1.315e-03     00    00    Abgrall1993
H2_P(5)     912.186    -0.205	6.844e-04     00    00    Abgrall1993
H2_R(4)     912.235  	0.353	2.472e-03     00    00    Abgrall1993
H2_R(2)     912.950  	0.265	2.015e-03     00    00    Abgrall1993
H2_P(4)     913.605  	0.026	1.162e-03     00    00    Abgrall1993
H2_P(2)     913.769  	0.168	1.613e-03     00    00    Abgrall1993
H2_R(0)     914.396  	1.346	2.424e-02     00    00    Abgrall1993
H2_R(1)     914.606  	1.023	1.152e-02     00    00    Abgrall1993
H2_R(3)     915.212  	0.092	1.349e-03     00    00    Abgrall1993
H2_Q(1)     915.400  	1.076	1.301e-02     00    00    Abgrall1993
H2_R(2)     915.427  	0.920	9.090e-03     00    00    Abgrall1993
H2_R(5)     916.101  	0.338	2.375e-03     00    00    Abgrall1993
H2_P(3)     916.382  	0.223	1.824e-03     00    00    Abgrall1993
H2_Q(2)     916.615  	1.077	1.304e-02     00    00    Abgrall1993
H2_R(3)     916.875  	0.895	8.557e-03     00    00    Abgrall1993
H2_R(0)     917.250  	0.753	6.172e-03     00    00    Abgrall1993
H2_P(2)     917.368  	0.432	2.949e-03     00    00    Abgrall1993
H2_P(5)     917.783  	0.038	1.188e-03     00    00    Abgrall1993
H2_R(1)     917.920  	0.609	4.427e-03     00    00    Abgrall1993
H2_R(4)     918.151    -1.379	4.554e-05     00    00    Abgrall1993
H2_P(1)     918.412  	0.170	1.609e-03     00    00    Abgrall1993
H2_Q(3)     918.430  	1.080	1.308e-02     00    00    Abgrall1993
H2_R(4)     919.048  	0.932	9.295e-03     00    00    Abgrall1993
H2_R(2)     919.416  	0.583	4.166e-03     00    00    Abgrall1993
H2_P(3)     919.543  	0.601	4.337e-03     00    00    Abgrall1993
H2_P(4)     919.789  	0.293	2.133e-03     00    00    Abgrall1993
H2_P(2)     920.241  	0.190	1.683e-03     00    00    Abgrall1993
H2_R(6)     920.720  	0.297	2.150e-03     00    00    Abgrall1993
H2_Q(4)     920.834  	1.082	1.312e-02     00    00    Abgrall1993
H2_R(5)     921.220  	0.357	2.469e-03     00    00    Abgrall1993
H2_R(3)     921.730  	0.574	4.068e-03     00    00    Abgrall1993
H2_P(4)     922.303  	0.665	5.017e-03     00    00    Abgrall1993
H2_R(5)     922.473  	0.789	6.667e-03     00    00    Abgrall1993
H2_P(6)     922.723  	0.067	1.265e-03     00    00    Abgrall1993
H2_P(3)     922.977  	0.181	1.643e-03     00    00    Abgrall1993
H2_Q(5)     923.816  	1.086	1.318e-02     00    00    Abgrall1993
H2_P(5)     923.962  	0.423	2.865e-03     00    00    Abgrall1993
H2_R(0)     923.982  	0.756	6.167e-03     00    00    Abgrall1993
H2_R(1)     924.849  	0.568	4.000e-03     00    00    Abgrall1993
H2_R(4)     924.849  	0.568	4.000e-03     00    00    Abgrall1993
H2_P(1)     925.173  	0.260	1.966e-03     00    00    Abgrall1993
H2_P(5)     925.657  	0.661	4.952e-03     00    00    Abgrall1993
H2_R(7)     926.056  	0.150	1.524e-03     00    00    Abgrall1993
H2_R(2)     926.129  	0.535	3.701e-03     00    00    Abgrall1993
H2_P(4)     926.352  	0.164	1.574e-03     00    00    Abgrall1993
H2_P(2)     927.017  	0.334	2.326e-03     00    00    Abgrall1993
H2_R(6)     927.050  	0.665	4.989e-03     00    00    Abgrall1993
H2_P(7)     928.411  	0.122	1.426e-03     00    00    Abgrall1993
H2_R(3)     928.436  	0.487	3.303e-03     00    00    Abgrall1993
H2_R(5)     928.760  	0.561	3.914e-03     00    00    Abgrall1993
H2_P(6)     928.776  	0.718	5.622e-03     00    00    Abgrall1993
H2_R(0)     929.532  	1.502	3.419e-02     00    00    Abgrall1993
H2_P(3)     929.687  	0.367	2.507e-03     00    00    Abgrall1993
H2_R(1)     929.688  	1.164	1.569e-02     00    00    Abgrall1993
H2_R(2)     930.446  	1.050	1.205e-02     00    00    Abgrall1993
H2_Q(1)     930.577  	1.257	1.942e-02     00    00    Abgrall1993
H2_P(5)     930.605  	0.168	1.583e-03     00    00    Abgrall1993
H2_R(0)     931.060  	0.998	1.068e-02     00    00    Abgrall1993
H2_R(4)     931.536  	0.372	2.531e-03     00    00    Abgrall1993
H2_R(1)     931.730  	0.846	7.536e-03     00    00    Abgrall1993
H2_Q(2)     931.780  	1.258	1.945e-02     00    00    Abgrall1993
H2_R(3)     931.811  	1.002	1.079e-02     00    00    Abgrall1993
H2_P(1)     932.265  	0.349	2.397e-03     00    00    Abgrall1993
H2_R(7)     932.443  	0.617	4.435e-03     00    00    Abgrall1993
H2_P(2)     932.604  	0.649	4.775e-03     00    00    Abgrall1993
H2_P(4)     933.167  	0.403	2.709e-03     00    00    Abgrall1993
H2_R(2)     933.237  	0.808	6.886e-03     00    00    Abgrall1993
H2_R(6)     933.442  	0.545	3.758e-03     00    00    Abgrall1993
H2_Q(3)     933.578  	1.260	1.948e-02     00    00    Abgrall1993
H2_R(4)     933.788  	1.002	1.077e-02     00    00    Abgrall1993
H2_P(2)     934.141  	0.320	2.237e-03     00    00    Abgrall1993
H2_P(3)     934.789  	0.821	7.091e-03     00    00    Abgrall1993
H2_P(7)     934.956    -2.361	4.660e-06     00    00    Abgrall1993
H2_R(5)     935.323    -0.366	4.604e-04     00    00    Abgrall1993
H2_R(3)     935.573  	0.789	6.572e-03     00    00    Abgrall1993
H2_P(6)     935.630  	0.190	1.654e-03     00    00    Abgrall1993
H2_Q(4)     935.958  	1.262	1.954e-02     00    00    Abgrall1993
H2_R(5)     936.463  	1.068	1.249e-02     00    00    Abgrall1993
H2_P(3)     936.854  	0.283	2.047e-03     00    00    Abgrall1993
H2_P(5)     937.441  	0.461	3.081e-03     00    00    Abgrall1993
H2_P(4)     937.551  	0.895	8.370e-03     00    00    Abgrall1993
H2_R(0)     938.465  	0.950	9.507e-03     00    00    Abgrall1993
H2_R(4)     938.726  	0.777	6.378e-03     00    00    Abgrall1993
H2_R(7)     938.874  	0.503	3.391e-03     00    00    Abgrall1993
H2_Q(5)     938.909  	1.265	1.960e-02     00    00    Abgrall1993
H2_R(1)     939.122  	0.789	6.558e-03     00    00    Abgrall1993
H2_P(1)     939.706  	0.437	2.913e-03     00    00    Abgrall1993
H2_P(4)     940.384  	0.272	1.991e-03     00    00    Abgrall1993
H2_R(6)     940.489  	0.971	9.942e-03     00    00    Abgrall1993
H2_R(2)     940.623  	0.754	6.028e-03     00    00    Abgrall1993
H2_P(5)     940.882  	0.927	8.978e-03     00    00    Abgrall1993
H2_P(7)     941.415  	0.229	1.800e-03     00    00    Abgrall1993
H2_P(2)     941.596  	0.501	3.367e-03     00    00    Abgrall1993
H2_P(6)     942.475  	0.577	4.004e-03     00    00    Abgrall1993
H2_R(5)     942.685  	0.769	6.238e-03     00    00    Abgrall1993
H2_R(3)     942.958  	0.722	5.587e-03     00    00    Abgrall1993
H2_P(3)     944.328  	0.522	3.524e-03     00    00    Abgrall1993
H2_P(5)     944.718  	0.283	2.030e-03     00    00    Abgrall1993
H2_R(7)     945.865  	0.845	7.401e-03     00    00    Abgrall1993
H2_R(4)     946.120  	0.703	5.336e-03     00    00    Abgrall1993
H2_R(0)     946.168  	0.066	1.229e-03     00    00    Abgrall1993
H2_R(1)     946.384  	1.084	1.282e-02     00    00    Abgrall1993
H2_R(0)     946.423  	1.769	6.204e-02     00    00    Abgrall1993
H2_R(1)     946.978  	1.271	1.972e-02     00    00    Abgrall1993
H2_R(2)     947.111  	1.101	1.332e-02     00    00    Abgrall1993
H2_Q(1)     947.421  	1.415	2.744e-02     00    00    Abgrall1993
H2_R(6)     947.429  	0.761	6.093e-03     00    00    Abgrall1993
H2_P(1)     947.513  	0.523	3.522e-03     00    00    Abgrall1993
H2_P(4)     947.885  	0.539	3.653e-03     00    00    Abgrall1993
H2_P(7)     948.159  	0.863	7.685e-03     00    00    Abgrall1993
H2_R(3)     948.419  	1.084	1.280e-02     00    00    Abgrall1993
H2_R(2)     948.468  	1.090	1.296e-02     00    00    Abgrall1993
H2_Q(2)     948.615  	1.416	2.747e-02     00    00    Abgrall1993
H2_P(2)     949.351  	0.944	9.250e-03     00    00    Abgrall1993
H2_P(2)     949.608    -0.054	9.304e-04     00    00    Abgrall1993
H2_P(6)     949.836  	0.307	2.134e-03     00    00    Abgrall1993
H2_R(5)     950.072  	0.618	4.371e-03     00    00    Abgrall1993
H2_R(4)     950.314  	1.079	1.262e-02     00    00    Abgrall1993
H2_Q(3)     950.397  	1.417	2.750e-02     00    00    Abgrall1993
H2_R(3)     950.816  	1.017	1.093e-02     00    00    Abgrall1993
H2_P(3)     951.672  	1.082	1.268e-02     00    00    Abgrall1993
H2_P(5)     952.252  	0.567	3.877e-03     00    00    Abgrall1993
H2_P(3)     952.271    -0.211	6.464e-04     00    00    Abgrall1993
H2_Q(4)     952.757  	1.419	2.756e-02     00    00    Abgrall1993
H2_R(5)     952.805  	1.102	1.326e-02     00    00    Abgrall1993
H2_R(7)     952.943  	0.747	5.854e-03     00    00    Abgrall1993
H2_R(4)     954.002  	0.982	1.006e-02     00    00    Abgrall1993
H2_R(0)     954.411  	1.131	1.416e-02     00    00    Abgrall1993
H2_P(4)     954.473  	1.111	1.354e-02     00    00    Abgrall1993
H2_R(6)     954.700  	0.042	1.154e-03     00    00    Abgrall1993
H2_R(1)     955.064  	0.975	9.880e-03     00    00    Abgrall1993
H2_Q(5)     955.681  	1.422	2.763e-02     00    00    Abgrall1993
H2_P(1)     955.708  	0.606	4.227e-03     00    00    Abgrall1993
H2_P(7)     955.725  	0.343	2.305e-03     00    00    Abgrall1993
H2_P(4)     955.851  	0.207	1.685e-03     00    00    Abgrall1993
H2_R(2)     956.578  	0.945	9.211e-03     00    00    Abgrall1993
H2_P(6)     957.406  	0.620	4.351e-03     00    00    Abgrall1993
H2_P(2)     957.650  	0.663	4.807e-03     00    00    Abgrall1993
H2_P(5)     957.818  	1.134	1.422e-02     00    00    Abgrall1993
H2_R(5)     958.009  	0.964	9.618e-03     00    00    Abgrall1993
H2_R(3)     958.945  	0.934	8.967e-03     00    00    Abgrall1993
H2_P(5)     960.263  	0.333	2.241e-03     00    00    Abgrall1993
H2_P(3)     960.449  	0.675	4.932e-03     00    00    Abgrall1993
H2_R(7)     960.697  	1.117	1.364e-02     00    00    Abgrall1993
H2_R(4)     962.151  	0.925	8.753e-03     00    00    Abgrall1993
H2_R(6)     962.818  	0.955	9.359e-03     00    00    Abgrall1993
H2_R(0)     962.976  	1.103	1.316e-02     00    00    Abgrall1993
H2_P(7)     963.318  	0.730	5.577e-03     00    00    Abgrall1993
H2_R(1)     963.607  	0.834	7.079e-03     00    00    Abgrall1993
H2_P(4)     964.089  	0.682	4.984e-03     00    00    Abgrall1993
H2_P(1)     964.310  	0.686	5.028e-03     00    00    Abgrall1993
H2_R(0)     964.981  	1.821	6.860e-02     00    00    Abgrall1993
H2_R(2)     965.045  	0.187	1.595e-03     00    00    Abgrall1993
H2_R(1)     965.062  	1.528	3.495e-02     00    00    Abgrall1993
H2_P(6)     965.478  	0.402	2.612e-03     00    00    Abgrall1993
H2_R(2)     965.791  	1.493	3.224e-02     00    00    Abgrall1993
H2_Q(1)     966.094  	1.529	3.498e-02     00    00    Abgrall1993
H2_R(5)     966.179  	0.905	8.326e-03     00    00    Abgrall1993
H2_P(2)     966.273  	0.798	6.496e-03     00    00    Abgrall1993
H2_R(3)     966.779  	0.864	7.565e-03     00    00    Abgrall1993
H2_Q(2)     967.278  	1.530	3.500e-02     00    00    Abgrall1993
H2_R(3)     967.673  	1.343	2.278e-02     00    00    Abgrall1993
H2_P(2)     968.292  	0.845	7.229e-03     00    00    Abgrall1993
H2_R(7)     968.413  	0.947	9.143e-03     00    00    Abgrall1993
H2_P(5)     968.555  	0.693	5.096e-03     00    00    Abgrall1993
H2_R(4)     968.664  	1.087	1.260e-02     00    00    Abgrall1993
H2_Q(3)     969.047  	1.531	3.504e-02     00    00    Abgrall1993
H2_P(3)     969.088  	0.898	8.157e-03     00    00    Abgrall1993
H2_P(3)     970.560  	0.976	9.747e-03     00    00    Abgrall1993
H2_R(4)     970.835  	1.192	1.604e-02     00    00    Abgrall1993
H2_R(6)     970.996  	0.840	7.118e-03     00    00    Abgrall1993
H2_R(5)     971.074  	1.127	1.379e-02     00    00    Abgrall1993
H2_Q(4)     971.387  	1.533	3.510e-02     00    00    Abgrall1993
H2_P(7)     971.479  	0.454	2.928e-03     00    00    Abgrall1993
H2_R(0)     971.985  	1.290	2.004e-02     00    00    Abgrall1993
H2_R(1)     972.632  	1.136	1.405e-02     00    00    Abgrall1993
H2_P(4)     972.690  	1.120	1.355e-02     00    00    Abgrall1993
H2_P(1)     973.344  	0.759	5.899e-03     00    00    Abgrall1993
H2_P(4)     973.448  	0.830	6.950e-03     00    00    Abgrall1993
H2_P(6)     973.825  	0.718	5.362e-03     00    00    Abgrall1993
H2_R(2)     974.156  	1.108	1.315e-02     00    00    Abgrall1993
H2_Q(5)     974.286  	1.535	3.516e-02     00    00    Abgrall1993
H2_R(5)     974.884  	1.142	1.424e-02     00    00    Abgrall1993
H2_P(2)     975.344  	0.812	6.644e-03     00    00    Abgrall1993
H2_R(7)     976.470  	0.276	1.934e-03     00    00    Abgrall1993
H2_R(3)     976.551  	1.100	1.290e-02     00    00    Abgrall1993
H2_P(5)     976.548  	1.330	2.190e-02     00    00    Abgrall1993
H2_P(5)     977.460    -0.454	3.594e-04     00    00    Abgrall1993
H2_P(3)     978.217  	0.819	6.735e-03     00    00    Abgrall1993
H2_R(6)     979.759  	1.122	1.352e-02     00    00    Abgrall1993
H2_R(4)     979.803  	1.098	1.278e-02     00    00    Abgrall1993
H2_P(7)     979.882  	0.766	5.958e-03     00    00    Abgrall1993
H2_R(0)     981.437  	1.308	2.069e-02     00    00    Abgrall1993
H2_P(4)     981.947  	0.819	6.708e-03     00    00    Abgrall1993
H2_R(1)     982.073  	1.127	1.364e-02     00    00    Abgrall1993
H2_P(6)     982.722  	0.403	2.571e-03     00    00    Abgrall1993
H2_P(1)     982.835  	0.826	6.811e-03     00    00    Abgrall1993
H2_R(2)     983.589  	1.056	1.157e-02     00    00    Abgrall1993
H2_R(5)     983.897  	1.094	1.262e-02     00    00    Abgrall1993
H2_P(2)     984.862  	0.906	8.170e-03     00    00    Abgrall1993
H2_R(7)     985.439  	1.113	1.317e-02     00    00    Abgrall1993
H2_R(0)     985.631  	1.832	6.890e-02     00    00    Abgrall1993
H2_R(1)     985.642  	1.512	3.301e-02     00    00    Abgrall1993
H2_R(3)     985.962  	0.912	8.278e-03     00    00    Abgrall1993
H2_R(2)     986.241  	1.412	2.619e-02     00    00    Abgrall1993
H2_P(5)     986.519  	0.821	6.716e-03     00    00    Abgrall1993
H2_Q(1)     986.796  	1.556	3.647e-02     00    00    Abgrall1993
H2_R(3)     987.445  	1.404	2.565e-02     00    00    Abgrall1993
H2_P(3)     987.767  	0.945	8.927e-03     00    00    Abgrall1993
H2_Q(2)     987.972  	1.557	3.650e-02     00    00    Abgrall1993
H2_R(6)     988.811  	1.082	1.222e-02     00    00    Abgrall1993
H2_P(7)     988.836  	0.549	3.579e-03     00    00    Abgrall1993
H2_R(4)     988.871    -0.068	8.645e-04     00    00    Abgrall1993
H2_P(2)     989.086  	0.904	8.109e-03     00    00    Abgrall1993
H2_R(4)     989.553  	1.488	3.108e-02     00    00    Abgrall1993
H2_Q(3)     989.728  	1.558	3.652e-02     00    00    Abgrall1993
H2_R(5)     991.370  	1.028	1.075e-02     00    00    Abgrall1993
H2_R(0)     991.376  	1.413	2.612e-02     00    00    Abgrall1993
H2_P(3)     991.378  	1.073	1.192e-02     00    00    Abgrall1993
H2_P(4)     991.532  	0.993	9.918e-03     00    00    Abgrall1993
H2_P(6)     991.913  	0.831	6.832e-03     00    00    Abgrall1993
H2_R(1)     992.013  	1.258	1.826e-02     00    00    Abgrall1993
H2_Q(4)     992.049  	1.560	3.656e-02     00    00    Abgrall1993
H2_P(1)     992.808  	0.883	7.699e-03     00    00    Abgrall1993
H2_R(5)     993.490  	1.302	2.016e-02     00    00    Abgrall1993
H2_R(2)     993.547  	1.229	1.704e-02     00    00    Abgrall1993
H2_P(4)     994.227  	1.136	1.377e-02     00    00    Abgrall1993
H2_R(7)     994.517  	1.034	1.087e-02     00    00    Abgrall1993
H2_P(2)     994.871  	0.935	8.658e-03     00    00    Abgrall1993
H2_Q(5)     994.924  	1.561	3.661e-02     00    00    Abgrall1993
H2_R(3)     995.970  	1.220	1.668e-02     00    00    Abgrall1993
H2_P(5)     996.124  	1.103	1.274e-02     00    00    Abgrall1993
H2_P(5)     997.638  	1.111	1.293e-02     00    00    Abgrall1993
H2_P(3)     997.824  	0.942	8.760e-03     00    00    Abgrall1993
H2_P(7)     998.111  	0.852	7.131e-03     00    00    Abgrall1993
H2_R(6)     998.425  	1.252	1.788e-02     00    00    Abgrall1993
H2_R(4)     999.268  	1.219	1.656e-02     00    00    Abgrall1993
H2_P(4)    1001.652  	0.940	8.691e-03     00    00    Abgrall1993
H2_R(0)    1001.821  	1.428	2.677e-02     00    00    Abgrall1993
H2_P(6)    1001.906    -0.576	2.647e-04     00    00    Abgrall1993
H2_R(1)    1002.449  	1.262	1.823e-02     00    00    Abgrall1993
H2_P(1)    1003.294  	0.929	8.466e-03     00    00    Abgrall1993
H2_R(5)    1003.426  	1.219	1.650e-02     00    00    Abgrall1993
H2_R(2)    1003.982  	1.222	1.662e-02     00    00    Abgrall1993
H2_R(7)    1004.194  	1.235	1.712e-02     00    00    Abgrall1993
H2_P(2)    1005.390  	0.998	9.911e-03     00    00    Abgrall1993
H2_P(5)    1006.340  	0.939	8.632e-03     00    00    Abgrall1993
H2_R(3)    1006.411  	1.199	1.572e-02     00    00    Abgrall1993
H2_P(7)    1007.985  	0.576	3.739e-03     00    00    Abgrall1993
H2_P(3)    1008.383  	1.022	1.043e-02     00    00    Abgrall1993
H2_R(6)    1008.425  	1.219	1.641e-02     00    00    Abgrall1993
H2_R(1)    1008.498  	1.316	2.052e-02     00    00    Abgrall1993
H2_R(0)    1008.552  	1.647	4.395e-02     00    00    Abgrall1993
H2_R(2)    1009.024  	1.198	1.565e-02     00    00    Abgrall1993
H2_R(4)    1009.715  	1.154	1.411e-02     00    00    Abgrall1993
H2_Q(1)    1009.771  	1.381	2.380e-02     00    00    Abgrall1993
H2_R(3)    1010.129  	1.144	1.380e-02     00    00    Abgrall1993
H2_Q(2)    1010.938  	1.381	2.381e-02     00    00    Abgrall1993
H2_R(4)    1011.812  	1.150	1.395e-02     00    00    Abgrall1993
H2_P(6)    1011.866  	0.942	8.645e-03     00    00    Abgrall1993
H2_P(2)    1012.169  	0.746	5.510e-03     00    00    Abgrall1993
H2_P(4)    1012.259  	1.037	1.075e-02     00    00    Abgrall1993
H2_Q(3)    1012.680  	1.383	2.383e-02     00    00    Abgrall1993
H2_R(0)    1012.810  	1.478	2.970e-02     00    00    Abgrall1993
H2_R(1)    1013.435  	1.318	2.050e-02     00    00    Abgrall1993
H2_R(5)    1013.706  	0.079	1.184e-03     00    00    Abgrall1993
H2_R(5)    1014.238  	1.422	2.606e-02     00    00    Abgrall1993
H2_R(7)    1014.249  	1.214	1.615e-02     00    00    Abgrall1993
H2_P(1)    1014.326  	0.960	8.982e-03     00    00    Abgrall1993
H2_P(3)    1014.504  	0.924	8.278e-03     00    00    Abgrall1993
H2_R(2)    1014.974  	1.284	1.894e-02     00    00    Abgrall1993
H2_Q(4)    1014.982  	1.384	2.386e-02     00    00    Abgrall1993
H2_P(2)    1016.458  	1.017	1.023e-02     00    00    Abgrall1993
H2_P(5)    1017.001  	1.057	1.122e-02     00    00    Abgrall1993
H2_P(4)    1017.385  	1.005	9.946e-03     00    00    Abgrall1993
H2_R(3)    1017.422  	1.272	1.838e-02     00    00    Abgrall1993
H2_Q(5)    1017.831  	1.386	2.389e-02     00    00    Abgrall1993
H2_P(7)    1018.214  	0.950	8.757e-03     00    00    Abgrall1993
H2_R(6)    1019.013  	1.320	2.050e-02     00    00    Abgrall1993
H2_P(3)    1019.500  	1.029	1.048e-02     00    00    Abgrall1993
H2_R(4)    1020.764  	1.268	1.814e-02     00    00    Abgrall1993
H2_P(5)    1020.798  	1.044	1.085e-02     00    00    Abgrall1993
H2_P(6)    1022.580  	1.109	1.256e-02     00    00    Abgrall1993
H2_P(4)    1023.434  	1.031	1.049e-02     00    00    Abgrall1993
H2_R(0)    1024.372  	1.468	2.871e-02     00    00    Abgrall1993
H2_R(7)    1024.986  	1.303	1.958e-02     00    00    Abgrall1993
H2_R(5)    1024.987  	1.266	1.801e-02     00    00    Abgrall1993
H2_R(1)    1024.986  	1.303	1.958e-02     00    00    Abgrall1993
H2_P(1)    1025.352  	0.966	9.012e-03     00    00    Abgrall1993
H2_R(2)    1026.526  	1.266	1.797e-02     00    00    Abgrall1993
H2_P(2)    1028.246  	1.032	1.047e-02     00    00    Abgrall1993
H2_P(5)    1028.246  	1.032	1.047e-02     00    00    Abgrall1993
H2_P(7)    1028.801  	1.379	2.324e-02     00    00    Abgrall1993
H2_R(3)    1028.985  	1.253	1.739e-02     00    00    Abgrall1993
H2_R(6)    1030.071  	1.266	1.793e-02     00    00    Abgrall1993
H2_P(3)    1031.191  	1.059	1.111e-02     00    00    Abgrall1993
H2_R(4)    1032.349  	1.247	1.712e-02     00    00    Abgrall1993
H2_P(6)    1033.914  	1.034	1.046e-02     00    00    Abgrall1993
H2_P(4)    1035.181  	1.067	1.127e-02     00    00    Abgrall1993
H2_R(7)    1036.000  	1.268	1.788e-02     00    00    Abgrall1993
H2_R(0)    1036.545  	1.444	2.684e-02     00    00    Abgrall1993
H2_R(5)    1036.604  	1.245	1.697e-02     00    00    Abgrall1993
H2_R(1)    1037.149  	1.274	1.813e-02     00    00    Abgrall1993
H2_P(1)    1038.157  	0.954	8.661e-03     00    00    Abgrall1993
H2_R(2)    1038.689  	1.234	1.650e-02     00    00    Abgrall1993
H2_P(5)    1040.058  	1.070	1.130e-02     00    00    Abgrall1993
H2_P(2)    1040.366  	1.027	1.022e-02     00    00    Abgrall1993
H2_P(7)    1040.422  	1.038	1.049e-02     00    00    Abgrall1993
H2_R(3)    1041.158  	1.218	1.585e-02     00    00    Abgrall1993
H2_R(6)    1041.729  	1.244	1.685e-02     00    00    Abgrall1993
H2_P(3)    1043.502  	1.051	1.077e-02     00    00    Abgrall1993
H2_R(4)    1044.542  	1.209	1.548e-02     00    00    Abgrall1993
H2_P(6)    1045.801  	1.073	1.131e-02     00    00    Abgrall1993
H2_P(4)    1047.550  	1.061	1.099e-02     00    00    Abgrall1993
H2_R(7)    1047.711  	1.244	1.673e-02     00    00    Abgrall1993
H2_R(5)    1048.829  	1.203	1.523e-02     00    00    Abgrall1993
H2_R(0)    1049.367  	1.386	2.319e-02     00    00    Abgrall1993
H2_R(1)    1049.960  	1.213	1.555e-02     00    00    Abgrall1993
H2_P(1)    1051.033  	0.903	7.602e-03     00    00    Abgrall1993
H2_R(2)    1051.498  	1.169	1.403e-02     00    00    Abgrall1993
H2_P(7)    1052.393  	1.076	1.131e-02     00    00    Abgrall1993
H2_P(5)    1052.496  	1.067	1.108e-02     00    00    Abgrall1993
H2_P(2)    1053.284  	0.978	9.021e-03     00    00    Abgrall1993
H2_R(3)    1053.976  	1.149	1.336e-02     00    00    Abgrall1993
H2_R(6)    1053.996  	1.199	1.500e-02     00    00    Abgrall1993
H2_P(3)    1056.472  	1.004	9.556e-03     00    00    Abgrall1993
H2_R(4)    1057.380  	1.136	1.294e-02     00    00    Abgrall1993
H2_P(6)    1058.316  	1.070	1.111e-02     00    00    Abgrall1993
H2_R(7)    1060.031  	1.195	1.478e-02     00    00    Abgrall1993
H2_P(4)    1060.581  	1.017	9.794e-03     00    00    Abgrall1993
H2_R(5)    1061.697  	1.127	1.261e-02     00    00    Abgrall1993
H2_R(0)    1062.882  	1.279	1.790e-02     00    00    Abgrall1993
H2_R(1)    1063.460  	1.102	1.190e-02     00    00    Abgrall1993
H2_P(1)    1064.606  	0.801	5.941e-03     00    00    Abgrall1993
H2_R(2)    1064.994  	1.055	1.065e-02     00    00    Abgrall1993
H2_P(7)    1064.996  	1.073	1.112e-02     00    00    Abgrall1993
H2_P(5)    1065.596  	1.023	9.900e-03     00    00    Abgrall1993
H2_P(2)    1066.900  	0.879	7.089e-03     00    00    Abgrall1993
H2_R(6)    1066.905  	1.118	1.230e-02     00    00    Abgrall1993
H2_R(3)    1067.479  	1.030	1.004e-02     00    00    Abgrall1993
H2_P(3)    1070.141  	0.907	7.537e-03     00    00    Abgrall1993
H2_R(4)    1070.900  	1.013	9.626e-03     00    00    Abgrall1993
H2_P(6)    1071.497  	1.027	9.939e-03     00    00    Abgrall1993
H2_R(7)    1072.992  	1.110	1.200e-02     00    00    Abgrall1993
H2_P(4)    1074.312  	0.920	7.744e-03     00    00    Abgrall1993
H2_R(5)    1075.245  	0.999	9.279e-03     00    00    Abgrall1993
H2_R(0)    1076.992  	1.091	1.144e-02     00    00    Abgrall1993
H2_R(1)    1077.700  	0.919	7.693e-03     00    00    Abgrall1993
H2_P(7)    1078.266  	1.030	9.942e-03     00    00    Abgrall1993
H2_P(1)    1078.927  	0.626	3.921e-03     00    00    Abgrall1993
H2_R(2)    1079.226  	0.867	6.818e-03     00    00    Abgrall1993
H2_P(5)    1079.400  	0.927	7.835e-03     00    00    Abgrall1993
H2_R(6)    1080.492  	0.986	8.955e-03     00    00    Abgrall1993
H2_P(2)    1081.267  	0.706	4.699e-03     00    00    Abgrall1993
H2_R(3)    1081.713  	0.838	6.363e-03     00    00    Abgrall1993
H2_P(3)    1084.562  	0.735	5.008e-03     00    00    Abgrall1993
H2_R(4)    1085.146  	0.816	6.029e-03     00    00    Abgrall1993
H2_P(6)    1085.382  	0.931	7.859e-03     00    00    Abgrall1993
H2_R(7)    1086.630  	0.972	8.629e-03     00    00    Abgrall1993
H2_P(4)    1088.796  	0.749	5.151e-03     00    00    Abgrall1993
H2_R(5)    1089.515  	0.796	5.740e-03     00    00    Abgrall1993
H2_R(0)    1092.195  	0.801	5.784e-03     00    00    Abgrall1993
H2_P(7)    1092.243  	0.933	7.843e-03     00    00    Abgrall1993
H2_R(1)    1092.732  	0.616	3.780e-03     00    00    Abgrall1993
H2_P(5)    1093.956  	0.756	5.207e-03     00    00    Abgrall1993
H2_P(1)    1094.052  	0.333	1.968e-03     00    00    Abgrall1993
H2_R(2)    1094.244  	0.559	3.312e-03     00    00    Abgrall1993
H2_R(6)    1094.797  	0.777	5.463e-03     00    00    Abgrall1993
H2_P(2)    1096.438  	0.414	2.366e-03     00    00    Abgrall1993
H2_R(3)    1096.725  	0.525	3.053e-03     00    00    Abgrall1993
H2_P(3)    1099.787  	0.444	2.526e-03     00    00    Abgrall1993
H2_P(6)    1100.019  	0.758	5.210e-03     00    00    Abgrall1993
H2_R(4)    1100.164  	0.497	2.854e-03     00    00    Abgrall1993
H2_R(7)    1100.982  	0.757	5.188e-03     00    00    Abgrall1993
H2_P(4)    1104.083  	0.457	2.594e-03     00    00    Abgrall1993
H2_R(5)    1104.083  	0.457	2.594e-03     00    00    Abgrall1993
H2_P(7)    1106.971  	0.758	5.174e-03     00    00    Abgrall1993
H2_R(0)    1108.127  	0.266	1.665e-03     00    00    Abgrall1993
H2_R(1)    1108.633  	0.077	1.077e-03     00    00    Abgrall1993
H2_P(5)    1109.313  	0.462	2.614e-03     00    00    Abgrall1993
H2_R(6)    1109.859  	0.444	2.506e-03     00    00    Abgrall1993
H2_P(1)    1110.063    -0.196	5.739e-04     00    00    Abgrall1993
H2_R(2)    1110.120  	0.015	9.322e-04     00    00    Abgrall1993
H2_P(2)    1112.495    -0.114	6.915e-04     00    00    Abgrall1993
H2_R(3)    1112.583    -0.026	8.468e-04     00    00    Abgrall1993
H2_P(6)    1115.454  	0.463	2.603e-03     00    00    Abgrall1993
H2_P(3)    1115.895    -0.084	7.381e-04     00    00    Abgrall1993
H2_R(4)    1116.013    -0.061	7.780e-04     00    00    Abgrall1993
H2_R(7)    1116.084  	0.416	2.337e-03     00    00    Abgrall1993
H2_P(4)    1120.248    -0.072	7.560e-04     00    00    Abgrall1993
H2_R(5)    1120.399    -0.096	7.157e-04     00    00    Abgrall1993
H2_P(7)    1122.493  	0.460	2.567e-03     00    00    Abgrall1993
H2_P(5)    1125.540    -0.069	7.577e-04     00    00    Abgrall1993
H2_R(6)    1125.723    -0.131	6.563e-04     00    00    Abgrall1993
H2_P(6)    1131.750    -0.072	7.479e-04     00    00    Abgrall1993
H2_R(7)    1131.974    -0.169	5.992e-04     00    00    Abgrall1993
H2_P(7)    1138.867    -0.080	7.297e-04     00    00    Abgrall1993
