Executing new query...

[objID]:Integer,[cx]:Float,[cy]:Float,[cz]:Float,[htmID]:Integer,[distance]:Float
6372393594678937068,0.821151798775239,0.220290288193575,0.526480685586643,17220177586160,4.21861826084345
6372393594678937282,0.820864614035637,0.219536963516084,0.527242645348668,17220177769751,0.458935239820101
6372393594678937191,0.821006754975185,0.219736005755261,0.526938322823308,17220178004674,1.78613831986795
6372393594678936996,0.821519349056645,0.219562255990886,0.526211340498986,17220178063866,4.64823503191857
6372393594678936981,0.821473542639355,0.219724774697407,0.526215015110479,17220178265574,4.61395522253194
6372393594678937097,0.821268335075806,0.219647814843985,0.52656733589929,17220178288217,3.18805701529717
6372393594678937343,0.821052368428676,0.218355456792209,0.527440899804639,17220178891981,4.05364345774041
6372393594678937389,0.821035045623996,0.21811094114793,0.527569020326978,17220179006463,4.91243482828078
6372393594678937440,0.820734822058861,0.218870501919213,0.527721569816547,17220179187959,2.526709070318
6372393594678937288,0.821028722523599,0.218783856285944,0.527300162165647,17220179204292,2.60451318654059
6372393594678937394,0.820973305076013,0.218306173390086,0.527584350613574,17220179362645,4.23512609266224
6372393594678937395,0.820884340271197,0.21841718759784,0.527676825395405,17220179577575,3.90778315039762
6372393594678937273,0.820941704640347,0.219096992388773,0.52730562817819,17220179607685,1.49135834874677
6372393594678937292,0.821000627566973,0.218970305004698,0.527266512364275,17220179696190,1.98359370975767
6372393594678937153,0.821183931647941,0.219387102322747,0.526807602201845,17220179735376,2.33272281136712
6372393594678937200,0.821160857511951,0.219176376107545,0.526931268996822,17220179769873,2.21974860718763
6372393594678937226,0.821019055262865,0.219313027650242,0.527095348867885,17220179812265,1.33924046726632
6372393594678937092,0.821388608006471,0.218322768094874,0.526930662961061,17220179952183,4.76566953323649
6372393594678936944,0.821482442583249,0.21940561272548,0.526334279362475,17220180133478,4.23382927373277
6372393594678937119,0.821273615223521,0.219463284828927,0.526636037078537,17220180181538,2.96227687539665
6372393594678937089,0.821306356273466,0.219352251044607,0.526631236356586,17220180188247,3.08039246473526
6372393594678937073,0.821384502065088,0.219301241293377,0.526530592971075,17220180234122,3.54271926366778
6372393594678937124,0.821435412528368,0.218707326447001,0.526698175811114,17220180391910,4.16750853394734
6372393594678937157,0.821233234055503,0.219161530768723,0.526824637534967,17220180464657,2.63168855316765
6372393594678937147,0.821271675091187,0.219074769732342,0.526800798176726,17220180484320,2.90408273383914
6372393594678937204,0.821282333105405,0.218709559270661,0.526935914521467,17220180591506,3.50464754830431
6372393594678937165,0.821282023666637,0.218895946636694,0.526858996457363,17220180626302,3.16556136030282
6372393594678937363,0.820773306960317,0.219263921905865,0.527498351781201,17220180938921,0.966263234955005
6372393594678937447,0.820651378377545,0.219161757694425,0.527730460681706,17220181125374,1.82046356461464
6372393594678937401,0.820626280243389,0.219276070905124,0.527722003428234,17220181148719,1.60155647742367
6372393594678937699,0.820100988776763,0.219286657289752,0.5285335657667,17220181215352,4.77030765869971
6372393594678937639,0.820249417199242,0.218985902986983,0.528427921174951,17220181258679,4.51294375136509
6372393594678937618,0.820314708117838,0.219124565156224,0.528269064578499,17220181328364,3.79012416933791
6372393594678937659,0.820295933910298,0.218840546342651,0.528415930954662,17220181548194,4.63835875444269
6372393594678937670,0.820324933425191,0.218708781001335,0.528425465618252,17220181549999,4.86730957150132
6372393594678937522,0.82052332706917,0.21892177312003,0.528029096726044,17220181586628,3.2071857600695
6372393594678937578,0.820474778903548,0.218743565416822,0.52817836927681,17220181605552,4.01273156755143
6372393594678937575,0.820442105065821,0.218881493938476,0.528171983208524,17220181682579,3.73998376388088
6372393594678937143,0.820909560480201,0.22059984391519,0.526728774965633,17220181853763,4.35465528052571
6372393594678937199,0.820650644880275,0.220706168536621,0.527087569790328,17220182150940,4.26439260772669
6372393594678937170,0.8205293157243,0.220800213052664,0.527237051005438,17220182190477,4.56990878455427
6372393594678937145,0.820957666271279,0.220190569355393,0.526825040556506,17220182294265,3.02977024114934
6372393594678937164,0.820864470465742,0.220023631490297,0.52703996310794,17220182449507,2.10010167497692
6372393594678937260,0.820701363812841,0.220362971979741,0.527152190563597,17220182534057,3.05259408382667
6372393594678937154,0.820878222721719,0.220527620842835,0.526807851029796,17220182571273,3.99855753173806
6372393594678937195,0.820827936822638,0.220316282060669,0.526974604692157,17220182576382,3.08437674986899
6372393594678937190,0.820884372243075,0.220312783367697,0.526888152165022,17220182580771,3.22278940772807
6372393594678937187,0.820760743265436,0.220567572587253,0.526974143803409,17220182733880,3.8854872764813
6372393594678937668,0.820043801264792,0.219778819918735,0.528417859579253,17220183024642,4.58336260128628
6372393594678937585,0.82006820472494,0.220181159674062,0.528212453965069,17220183124559,4.52119522694576
6372393594678937611,0.820042815725265,0.220169817849013,0.528256596443159,17220183127893,4.65036688210895
6372393594678937662,0.820002828989715,0.219965802652207,0.528403639382276,17220183241390,4.79915998098617
6372393594678937468,0.820222305222348,0.220575599972126,0.527808464040388,17220183417887,4.4661405519183
6372393594678937439,0.820221551394583,0.220701236428415,0.527757113516087,17220183477665,4.77553415243023
6372393594678937586,0.820052341218072,0.220286072712918,0.528193339442555,17220183576629,4.70579269746234
6372393594678937405,0.820299886798348,0.220730591668735,0.527623067748358,17220183817287,4.64602659467109
6372393594678937442,0.8202468636671,0.220586774215909,0.527765627608795,17220183885301,4.41191438308227
6372393594678937318,0.820575083883158,0.220293740614595,0.527377663118355,17220183916632,2.82377255115355
6372393594678937329,0.820520658523456,0.220378803399048,0.527426802455695,17220183922129,3.16644884549559
6372393594678937284,0.82045690610462,0.220483295798123,0.5274823044418,17220183938940,3.59385240914579
6372393594678937385,0.820450259236444,0.220290090464281,0.527573358085954,17220183956948,3.05156647296756
6372393594678937325,0.820521326868685,0.220471999964258,0.527386811918361,17220183973898,3.46443590405729
6372393594678937305,0.820392061993826,0.220644806942225,0.527515624211214,17220184005748,4.20135915094782
6372393594678937637,0.820145096844697,0.219608936032683,0.528331274236341,17220184070598,4.05815778275254
6372393594678937591,0.820110526873761,0.220034371608518,0.528207912683714,17220184203624,4.18855069416045
6372393594678937620,0.820141035156218,0.219749553934506,0.528279108046564,17220184266352,3.99274887040306
6372393594678937169,0.820799130866498,0.2195042602998,0.527358195611899,17220184313809,0.0116025174415273
6372393594678937317,0.820672519026322,0.219637408613247,0.527499786969292,17220184359215,0.806726566606778
6372393594678937362,0.820703260649136,0.219570692143878,0.527479733365497,17220184365900,0.58964254484681
6372393594678937413,0.820511409515307,0.219797622686859,0.527683647573439,17220184476595,1.81139727036918
6372393594678937386,0.820487223683674,0.21972033302454,0.527753437722051,17220184479012,1.89406398561456
6372393594678937470,0.820421279534405,0.219771876497448,0.527834487683327,17220184598548,2.29405395437981
6372393594678937491,0.820371991029042,0.219805186276676,0.527897221455958,17220184622661,2.59122342925405
6372393594678937323,0.820529780891844,0.22016223748413,0.527503050091243,17220184648348,2.49847620843988
6372393594678937441,0.82037282755991,0.220103109166627,0.527771773720936,17220184781633,2.90737816399321
6372393594678937245,0.8204202036639,0.219926271696561,0.52777184884923,17220184812571,2.42228544850954


Query complete!

