280.80 -65.85  6000
283.56 -66.08  6000
282.57 -69.56  6000
280.31 -70.41  6000
283.10 -65.54  6000
281.74 -65.43  6000
280.39 -65.30  6000
280.50 -68.89  6000
282.06 -69.01  6000
283.64 -69.13  6000
283.11 -70.10  6000
279.84 -69.86  6000
281.47 -69.99  6000
279.62 -67.79  6000
281.11 -67.92  6000
283.60 -67.60  6000
282.12 -67.49  6000
280.66 -67.37  6000
279.82 -66.27  6000
281.22 -66.40  6000
282.61 -68.04  6000
282.63 -66.52  6000
283.11 -67.06  6000
280.97 -69.44  6000
281.66 -66.95  6000
280.23 -66.82  6000
280.05 -68.34  6000
281.57 -68.47  6000
283.11 -68.58  6000
282.17 -65.97  6000
285.85 -65.73  6001
284.66 -68.68  6001
285.09 -67.70  6001
287.81 -68.84  6001
284.19 -69.67  6001
288.07 -65.34  6001
284.97 -66.18  6001
286.38 -66.26  6001
286.46 -70.29  6001
284.78 -70.20  6001
284.47 -65.64  6001
287.80 -66.33  6001
284.12 -68.15  6001
285.65 -68.24  6001
287.19 -68.32  6001
286.70 -65.27  6001
285.83 -69.76  6001
287.48 -69.83  6001
287.51 -67.33  6001
286.03 -67.25  6001
284.56 -67.16  6001
285.34 -65.19  6001
288.11 -67.85  6001
286.60 -67.78  6001
286.23 -68.77  6001
285.23 -69.22  6001
286.84 -69.30  6001
286.93 -66.80  6001
285.49 -66.72  6001
284.05 -66.62  6001
288.15 -70.36  6001
287.24 -65.81  6001
289.00 -67.39  6002
290.49 -67.44  6002
291.99 -67.47  6002
291.32 -66.96  6002
289.85 -66.92  6002
288.39 -66.86  6002
292.22 -65.47  6002
290.83 -65.44  6002
289.45 -65.40  6002
289.14 -69.89  6002
290.81 -69.94  6002
292.48 -69.97  6002
288.46 -69.37  6002
290.09 -69.42  6002
291.72 -69.46  6002
291.56 -70.46  6002
289.85 -70.42  6002
291.46 -65.96  6002
290.05 -65.92  6002
288.64 -65.87  6002
289.40 -68.90  6002
290.99 -68.95  6002
292.59 -68.98  6002
288.74 -68.38  6002
290.30 -68.43  6002
291.86 -68.47  6002
292.11 -66.47  6002
290.67 -66.44  6002
289.23 -66.39  6002
289.63 -67.91  6002
291.16 -67.95  6002
292.69 -67.98  6002
292.79 -66.98  6002
295.84 -69.99  6003
296.45 -66.49  6003
295.80 -68.99  6003
294.20 -68.99  6003
296.64 -69.48  6003
295.00 -69.49  6003
293.36 -69.48  6003
292.87 -65.98  6003
294.29 -66.00  6003
295.71 -66.00  6003
293.61 -65.49  6003
296.51 -67.49  6003
295.00 -67.50  6003
294.23 -67.99  6003
295.77 -67.99  6003
297.13 -65.98  6003
296.39 -65.49  6003
295.00 -65.50  6003
293.28 -70.48  6003
295.00 -70.49  6003
296.72 -70.48  6003
295.74 -67.00  6003
294.26 -67.00  6003
295.00 -68.49  6003
296.57 -68.49  6003
293.43 -68.49  6003
295.00 -66.50  6003
293.55 -66.49  6003
293.49 -67.49  6003
294.16 -69.99  6003
301.26 -68.38  6004
297.52 -69.97  6004
299.19 -69.94  6004
300.86 -69.89  6004
298.28 -69.46  6004
299.91 -69.42  6004
301.54 -69.37  6004
297.41 -68.98  6004
299.01 -68.95  6004
300.60 -68.90  6004
298.14 -68.47  6004
299.70 -68.43  6004
297.31 -67.98  6004
298.84 -67.95  6004
300.37 -67.91  6004
298.01 -67.47  6004
299.51 -67.44  6004
301.00 -67.39  6004
297.21 -66.98  6004
298.68 -66.96  6004
300.15 -66.92  6004
301.61 -66.86  6004
297.89 -66.47  6004
299.33 -66.44  6004
300.77 -66.39  6004
298.54 -65.96  6004
299.95 -65.92  6004
301.36 -65.87  6004
297.78 -65.47  6004
299.17 -65.44  6004
300.55 -65.40  6004
298.44 -70.46  6004
300.15 -70.42  6004
305.03 -66.18  6005
303.16 -69.30  6005
304.66 -65.19  6005
303.54 -70.29  6005
305.81 -69.67  6005
304.17 -69.76  6005
301.93 -65.34  6005
304.51 -66.72  6005
305.22 -70.20  6005
302.76 -65.81  6005
304.15 -65.73  6005
305.53 -65.64  6005
303.30 -65.27  6005
302.49 -67.33  6005
305.95 -66.62  6005
303.97 -67.25  6005
305.34 -68.68  6005
303.77 -68.77  6005
302.81 -68.32  6005
302.52 -69.83  6005
302.19 -68.84  6005
303.62 -66.26  6005
302.20 -66.33  6005
303.40 -67.78  6005
304.35 -68.24  6005
305.88 -68.15  6005
303.07 -66.80  6005
301.89 -67.85  6005
301.85 -70.36  6005
304.91 -67.70  6005
305.44 -67.16  6005
304.77 -69.22  6005
310.18 -66.27  6006
307.88 -67.49  6006
309.34 -67.37  6006
309.20 -65.85  6006
306.89 -70.10  6006
307.39 -68.04  6006
308.89 -67.92  6006
309.69 -70.41  6006
310.38 -67.79  6006
306.89 -67.06  6006
308.34 -66.95  6006
309.77 -66.82  6006
309.50 -68.89  6006
307.94 -69.01  6006
306.36 -69.13  6006
308.43 -68.47  6006
309.95 -68.34  6006
307.83 -65.97  6006
306.44 -66.08  6006
309.03 -69.44  6006
307.43 -69.56  6006
310.16 -69.86  6006
307.37 -66.52  6006
306.90 -65.54  6006
308.26 -65.43  6006
309.61 -65.30  6006
306.89 -68.58  6006
308.53 -69.99  6006
306.40 -67.60  6006
308.78 -66.40  6006
283.41 -59.99  6007
279.78 -62.68  6007
281.01 -62.81  6007
282.24 -62.93  6007
283.49 -63.03  6007
283.45 -61.51  6007
282.27 -61.40  6007
281.09 -61.29  6007
280.63 -62.26  6007
281.85 -62.38  6007
283.07 -62.49  6007
280.00 -64.75  6007
281.31 -64.88  6007
282.65 -65.00  6007
279.59 -60.61  6007
280.73 -60.74  6007
281.89 -60.86  6007
283.05 -60.97  6007
279.62 -64.20  6007
280.91 -64.33  6007
282.21 -64.45  6007
283.53 -64.56  6007
283.87 -62.05  6007
280.52 -63.78  6007
281.80 -63.90  6007
283.08 -64.02  6007
279.93 -61.16  6007
282.66 -61.95  6007
281.46 -61.83  6007
280.27 -61.71  6007
280.39 -60.19  6007
280.15 -63.23  6007
281.39 -63.36  6007
282.65 -63.47  6007
283.93 -63.58  6007
281.52 -60.31  6007
282.66 -60.42  6007
283.81 -60.53  6007
282.28 -59.88  6007
288.32 -64.35  6008
286.13 -60.70  6008
287.30 -60.78  6008
284.74 -63.13  6008
286.58 -61.24  6008
284.64 -61.61  6008
284.30 -62.59  6008
287.77 -61.31  6008
288.26 -61.83  6008
285.69 -60.17  6008
285.54 -62.68  6008
286.78 -62.76  6008
288.03 -62.83  6008
287.28 -63.29  6008
288.00 -60.31  6008
286.84 -60.25  6008
284.55 -60.08  6008
284.97 -60.62  6008
287.05 -61.77  6008
287.53 -64.81  6008
287.53 -62.30  6008
286.18 -64.74  6008
286.30 -62.23  6008
284.85 -64.66  6008
285.40 -61.16  6008
284.22 -61.07  6008
283.99 -65.10  6008
285.08 -62.15  6008
285.84 -61.69  6008
285.21 -63.67  6008
286.49 -63.75  6008
287.79 -63.82  6008
284.38 -64.12  6008
285.69 -64.21  6008
287.00 -64.28  6008
286.01 -63.22  6008
289.65 -60.89  6009
292.58 -61.48  6009
291.37 -61.45  6009
290.17 -61.41  6009
288.97 -61.37  6009
288.88 -64.88  6009
290.23 -64.92  6009
291.59 -64.96  6009
291.93 -61.97  6009
292.12 -59.97  6009
290.97 -59.94  6009
289.82 -59.90  6009
288.67 -59.85  6009
289.65 -64.40  6009
290.98 -64.45  6009
292.32 -64.48  6009
290.70 -61.93  6009
289.48 -61.89  6009
292.66 -60.48  6009
291.49 -60.45  6009
290.32 -60.42  6009
289.16 -60.37  6009
289.09 -63.88  6009
290.40 -63.93  6009
291.71 -63.96  6009
288.55 -63.36  6009
289.84 -63.41  6009
291.12 -63.45  6009
292.41 -63.48  6009
292.03 -60.97  6009
290.84 -60.94  6009
288.47 -60.84  6009
289.29 -62.88  6009
290.56 -62.93  6009
291.82 -62.96  6009
288.77 -62.36  6009
290.01 -62.41  6009
291.25 -62.45  6009
292.50 -62.48  6009
293.75 -62.49  6010
294.36 -63.00  6010
295.64 -63.00  6010
296.91 -62.99  6010
294.40 -61.00  6010
295.60 -61.00  6010
296.79 -60.99  6010
296.97 -63.99  6010
295.66 -64.00  6010
294.34 -64.00  6010
293.03 -63.99  6010
293.83 -60.50  6010
296.21 -61.49  6010
295.00 -61.50  6010
296.34 -64.49  6010
295.00 -64.50  6010
293.66 -64.49  6010
295.00 -60.50  6010
296.17 -60.50  6010
293.27 -59.99  6010
293.16 -61.99  6010
295.00 -62.50  6010
296.25 -62.49  6010
296.84 -61.99  6010
297.05 -64.99  6010
295.68 -65.00  6010
294.32 -65.00  6010
292.95 -64.99  6010
294.42 -60.00  6010
295.58 -60.00  6010
296.73 -59.99  6010
294.39 -62.00  6010
293.21 -60.99  6010
296.29 -63.49  6010
295.00 -63.50  6010
293.71 -63.49  6010
295.61 -62.00  6010
293.79 -61.49  6010
293.09 -62.99  6010
300.18 -59.90  6011
298.41 -64.96  6011
299.77 -64.92  6011
301.12 -64.88  6011
297.68 -64.48  6011
299.02 -64.45  6011
300.35 -64.40  6011
298.29 -63.96  6011
299.60 -63.93  6011
300.91 -63.88  6011
297.59 -63.48  6011
298.88 -63.45  6011
300.16 -63.41  6011
301.45 -63.36  6011
298.18 -62.96  6011
299.44 -62.93  6011
300.71 -62.88  6011
297.50 -62.48  6011
298.75 -62.45  6011
299.99 -62.41  6011
301.23 -62.36  6011
298.07 -61.97  6011
299.30 -61.93  6011
300.52 -61.89  6011
297.42 -61.48  6011
298.63 -61.45  6011
299.83 -61.41  6011
301.03 -61.37  6011
297.97 -60.97  6011
299.16 -60.94  6011
300.35 -60.89  6011
301.53 -60.84  6011
297.34 -60.48  6011
298.51 -60.45  6011
299.68 -60.42  6011
300.84 -60.37  6011
297.88 -59.97  6011
299.03 -59.94  6011
301.33 -59.85  6011
305.03 -60.62  6012
304.46 -62.68  6012
303.22 -62.76  6012
301.97 -62.83  6012
302.47 -62.30  6012
305.45 -60.08  6012
305.78 -61.07  6012
304.79 -63.67  6012
303.51 -63.75  6012
302.21 -63.82  6012
304.60 -61.16  6012
303.42 -61.24  6012
302.23 -61.31  6012
305.62 -64.12  6012
304.31 -64.21  6012
303.00 -64.28  6012
301.68 -64.35  6012
305.26 -63.13  6012
303.99 -63.22  6012
302.95 -61.77  6012
304.16 -61.69  6012
305.36 -61.61  6012
302.72 -63.29  6012
302.00 -60.31  6012
303.16 -60.25  6012
304.31 -60.17  6012
303.82 -64.74  6012
305.15 -64.66  6012
304.92 -62.15  6012
306.01 -65.10  6012
303.70 -62.23  6012
302.47 -64.81  6012
301.74 -61.83  6012
302.70 -60.78  6012
303.87 -60.70  6012
305.70 -62.59  6012
308.54 -61.83  6013
306.95 -60.97  6013
308.11 -60.86  6013
309.27 -60.74  6013
310.41 -60.61  6013
306.93 -62.49  6013
310.22 -62.68  6013
308.99 -62.81  6013
307.76 -62.93  6013
306.51 -63.03  6013
309.85 -63.23  6013
308.61 -63.36  6013
307.35 -63.47  6013
307.34 -61.95  6013
309.73 -61.71  6013
306.19 -60.53  6013
307.34 -60.42  6013
308.48 -60.31  6013
309.61 -60.19  6013
306.07 -63.58  6013
309.48 -63.78  6013
308.20 -63.90  6013
306.92 -64.02  6013
310.38 -64.20  6013
309.09 -64.33  6013
306.55 -61.51  6013
306.59 -59.99  6013
307.72 -59.88  6013
307.73 -61.40  6013
310.07 -61.16  6013
308.15 -62.38  6013
307.79 -64.45  6013
306.47 -64.56  6013
310.00 -64.75  6013
308.69 -64.88  6013
307.35 -65.00  6013
308.91 -61.29  6013
309.37 -62.26  6013
306.13 -62.05  6013
279.84 -57.57  6014
282.30 -56.84  6014
280.89 -57.70  6014
281.94 -57.81  6014
283.37 -58.46  6014
281.27 -56.72  6014
280.25 -56.60  6014
283.70 -57.48  6014
282.65 -57.38  6014
281.60 -57.27  6014
282.29 -58.36  6014
283.94 -54.98  6014
282.96 -54.89  6014
281.98 -54.78  6014
281.01 -54.66  6014
280.04 -54.54  6014
283.30 -55.42  6014
282.30 -55.32  6014
281.32 -55.21  6014
280.34 -55.09  6014
280.48 -58.67  6014
281.56 -58.79  6014
282.65 -58.90  6014
283.75 -59.00  6014
280.57 -57.15  6014
281.22 -58.24  6014
280.16 -58.12  6014
283.00 -57.92  6014
283.64 -55.96  6014
282.64 -55.86  6014
281.64 -55.75  6014
280.64 -55.63  6014
281.16 -59.76  6014
279.65 -55.51  6014
282.98 -56.40  6014
281.96 -56.30  6014
280.95 -56.18  6014
279.72 -59.09  6014
280.82 -59.22  6014
281.92 -59.34  6014
283.03 -59.44  6014
279.95 -56.05  6014
280.05 -59.64  6014
279.54 -57.02  6014
283.33 -56.94  6014
286.92 -55.23  6015
284.14 -59.54  6015
285.27 -59.63  6015
286.40 -59.72  6015
287.53 -59.79  6015
284.86 -59.10  6015
285.97 -59.18  6015
287.08 -59.26  6015
288.21 -59.32  6015
284.46 -58.56  6015
285.55 -58.65  6015
286.65 -58.73  6015
287.75 -58.79  6015
284.07 -58.02  6015
285.15 -58.11  6015
286.23 -58.19  6015
287.31 -58.27  6015
284.75 -57.58  6015
285.82 -57.66  6015
286.89 -57.74  6015
287.96 -57.80  6015
284.37 -57.04  6015
285.42 -57.13  6015
286.47 -57.21  6015
287.53 -57.28  6015
284.00 -56.50  6015
285.03 -56.59  6015
286.07 -56.67  6015
287.11 -56.75  6015
288.15 -56.81  6015
284.66 -56.06  6015
285.68 -56.14  6015
286.70 -56.22  6015
287.73 -56.28  6015
284.29 -55.52  6015
285.30 -55.61  6015
286.30 -55.69  6015
287.32 -55.76  6015
288.33 -55.82  6015
284.93 -55.07  6015
285.92 -55.16  6015
287.92 -55.29  6015
284.57 -54.54  6015
285.54 -54.62  6015
286.53 -54.70  6015
287.52 -54.77  6015
291.69 -58.46  6016
289.50 -58.38  6016
292.20 -58.97  6016
292.73 -59.48  6016
291.59 -59.46  6016
288.59 -57.34  6016
289.65 -57.39  6016
290.72 -57.43  6016
291.78 -57.46  6016
290.46 -59.42  6016
289.33 -59.38  6016
291.87 -56.46  6016
290.83 -56.43  6016
289.03 -57.86  6016
288.40 -58.33  6016
288.86 -58.85  6016
289.97 -58.90  6016
291.09 -58.94  6016
290.11 -57.91  6016
291.20 -57.94  6016
292.28 -57.97  6016
291.96 -55.47  6016
292.43 -55.98  6016
291.40 -55.95  6016
290.38 -55.92  6016
289.35 -55.87  6016
290.94 -55.44  6016
289.93 -55.40  6016
288.92 -55.35  6016
289.79 -56.39  6016
288.51 -54.83  6016
289.50 -54.88  6016
290.50 -54.92  6016
291.49 -54.96  6016
292.49 -54.98  6016
289.20 -56.87  6016
290.25 -56.91  6016
291.30 -56.95  6016
292.36 -56.98  6016
288.76 -56.34  6016
290.59 -58.42  6016
296.68 -58.99  6017
296.14 -59.50  6017
295.00 -59.50  6017
293.41 -56.99  6017
295.53 -57.00  6017
294.47 -57.00  6017
296.59 -56.99  6017
295.56 -59.00  6017
294.44 -59.00  6017
293.32 -58.99  6017
297.09 -56.49  6017
296.04 -56.50  6017
295.00 -56.51  6017
293.96 -56.50  6017
292.91 -56.49  6017
293.86 -59.50  6017
293.50 -55.00  6017
294.01 -54.51  6017
293.37 -57.99  6017
294.46 -58.00  6017
295.54 -58.00  6017
296.63 -57.99  6017
296.10 -58.50  6017
295.00 -58.50  6017
293.90 -58.50  6017
292.79 -58.48  6017
297.03 -55.49  6017
296.02 -55.50  6017
295.00 -55.51  6017
293.98 -55.50  6017
292.97 -55.49  6017
295.00 -54.51  6017
295.99 -54.51  6017
296.50 -55.00  6017
295.50 -55.01  6017
294.50 -55.01  6017
292.86 -57.48  6017
293.93 -57.50  6017
295.00 -57.50  6017
296.07 -57.50  6017
297.14 -57.48  6017
296.54 -56.00  6017
295.51 -56.01  6017
294.49 -56.01  6017
293.46 -56.00  6017
297.21 -58.48  6017
297.80 -58.97  6018
298.31 -58.46  6018
299.41 -58.42  6018
300.50 -58.38  6018
301.60 -58.33  6018
297.72 -57.97  6018
298.80 -57.94  6018
299.89 -57.91  6018
300.97 -57.86  6018
300.67 -59.38  6018
299.54 -59.42  6018
297.51 -54.98  6018
298.22 -57.46  6018
299.28 -57.43  6018
300.35 -57.39  6018
301.41 -57.34  6018
298.41 -59.46  6018
297.27 -59.48  6018
297.64 -56.98  6018
298.70 -56.95  6018
299.75 -56.91  6018
300.80 -56.87  6018
298.13 -56.46  6018
299.17 -56.43  6018
300.21 -56.39  6018
301.24 -56.34  6018
301.49 -54.83  6018
297.57 -55.98  6018
298.60 -55.95  6018
299.62 -55.92  6018
300.65 -55.87  6018
300.50 -54.88  6018
299.50 -54.92  6018
298.51 -54.96  6018
298.04 -55.47  6018
299.06 -55.44  6018
300.07 -55.40  6018
301.08 -55.35  6018
298.91 -58.94  6018
300.03 -58.90  6018
301.14 -58.85  6018
303.47 -54.70  6019
304.08 -55.16  6019
301.67 -55.82  6019
305.25 -57.58  6019
304.18 -57.66  6019
303.11 -57.74  6019
302.04 -57.80  6019
302.68 -55.76  6019
303.70 -55.69  6019
304.70 -55.61  6019
305.93 -58.02  6019
302.08 -55.29  6019
305.71 -55.52  6019
302.48 -54.77  6019
305.43 -54.54  6019
305.63 -57.04  6019
304.03 -59.18  6019
305.14 -59.10  6019
304.85 -58.11  6019
303.77 -58.19  6019
302.69 -58.27  6019
302.25 -58.79  6019
303.35 -58.73  6019
304.45 -58.65  6019
305.54 -58.56  6019
304.58 -57.13  6019
305.86 -59.54  6019
304.73 -59.63  6019
303.60 -59.72  6019
302.47 -59.79  6019
301.79 -59.32  6019
305.07 -55.07  6019
306.00 -56.50  6019
304.97 -56.59  6019
303.93 -56.67  6019
302.89 -56.75  6019
301.85 -56.81  6019
303.53 -57.21  6019
302.92 -59.26  6019
302.47 -57.28  6019
304.46 -54.62  6019
302.27 -56.28  6019
303.30 -56.22  6019
304.32 -56.14  6019
305.34 -56.06  6019
303.08 -55.23  6019
309.43 -57.15  6020
307.36 -55.86  6020
308.36 -55.75  6020
309.36 -55.63  6020
310.35 -55.51  6020
310.28 -59.09  6020
309.18 -59.22  6020
308.08 -59.34  6020
306.97 -59.44  6020
307.35 -58.90  6020
309.75 -56.60  6020
308.73 -56.72  6020
307.70 -56.84  6020
306.67 -56.94  6020
308.44 -58.79  6020
309.52 -58.67  6020
306.70 -55.42  6020
307.70 -55.32  6020
308.68 -55.21  6020
309.66 -55.09  6020
306.06 -54.98  6020
310.16 -57.57  6020
310.46 -57.02  6020
306.36 -55.96  6020
308.40 -57.27  6020
307.35 -57.38  6020
306.30 -57.48  6020
309.11 -57.70  6020
308.06 -57.81  6020
307.00 -57.92  6020
309.96 -54.54  6020
308.99 -54.66  6020
308.02 -54.78  6020
307.04 -54.89  6020
306.63 -58.46  6020
309.95 -59.64  6020
308.84 -59.76  6020
310.05 -56.05  6020
309.05 -56.18  6020
308.04 -56.30  6020
307.02 -56.40  6020
307.71 -58.36  6020
308.78 -58.24  6020
309.84 -58.12  6020
306.25 -59.00  6020
