      297.770     -37.9091       0
      297.040     -37.8693       0
      296.320     -37.8294       0
      295.589     -37.7896       0
      294.869     -37.7397       0
      294.149     -37.6898       0
      298.171     -37.4195       0
      297.440     -37.3896       0
      296.720     -37.3598       0
      296.000     -37.3199       0
      295.280     -37.2700       0
      294.569     -37.2202       0
      293.849     -37.1703       0
      297.841     -36.9100       0
      297.121     -36.8802       0
      296.410     -36.8403       0
      295.690     -36.8004       0
      294.980     -36.7505       0
      294.269     -36.7007       0
      297.521     -36.4005       0
      296.811     -36.3706       0
      296.100     -36.3307       0
      295.390     -36.2809       0
      294.680     -36.2310       0
      293.969     -36.1811       0
      297.901     -35.9209       0
      297.201     -35.8910       0
      296.491     -35.8512       0
      295.790     -35.8113       0
      295.080     -35.7614       0
      294.380     -35.7115       0
      297.591     -35.4114       0
      296.881     -35.3815       0
      296.180     -35.3416       0
      295.480     -35.2917       0
      294.790     -35.2518       0
      294.090     -35.1919       0
      297.971     -34.9319       0
      297.271     -34.9020       0
      296.571     -34.8621       0
      295.880     -34.8222       0
      295.190     -34.7823       0
      294.490     -34.7324       0
      300.688     -37.9859       0
      299.958     -37.9761       0
      299.227     -37.9563       0
      298.497     -37.9364       0
      301.788     -37.5058       0
      302.509     -37.5058       0
      301.058     -37.4961       0
      300.338     -37.4862       0
      299.608     -37.4664       0
      298.888     -37.4466       0
      302.149     -37.0060       0
      301.429     -37.0062       0
      300.709     -36.9964       0
      299.988     -36.9765       0
      299.268     -36.9567       0
      298.558     -36.9369       0
      302.510     -36.5162       0
      301.799     -36.5064       0
      301.079     -36.5065       0
      300.369     -36.4867       0
      299.649     -36.4769       0
      298.939     -36.4571       0
      298.229     -36.4272       0
      302.160     -36.0166       0
      301.450     -36.0068       0
      300.740     -35.9969       0
      300.029     -35.9871       0
      299.319     -35.9673       0
      298.609     -35.9475       0
      301.810     -35.5169       0
      302.511     -35.5169       0
      301.100     -35.5072       0
      300.400     -35.4974       0
      299.690     -35.4876       0
      298.990     -35.4577       0
      298.289     -35.4379       0
      301.461     -35.0174       0
      302.161     -35.0174       0
      300.761     -35.0077       0
      300.060     -34.9979       0
      299.360     -34.9780       0
      298.660     -34.9582       0
      302.512     -34.5276       0
      301.821     -34.5278       0
      301.121     -34.5180       0
      300.431     -34.5082       0
      304.324     -37.9841       0
      305.055     -37.9740       0
      305.785     -37.9539       0
      306.515     -37.9338       0
      303.225     -37.5042       0
      303.955     -37.4941       0
      304.675     -37.4840       0
      305.405     -37.4639       0
      306.126     -37.4438       0
      303.585     -37.0041       0
      302.865     -37.0043       0
      304.306     -36.9940       0
      305.026     -36.9739       0
      305.746     -36.9538       0
      306.456     -36.9337       0
      303.216     -36.5042       0
      303.936     -36.5041       0
      304.646     -36.4840       0
      305.367     -36.4738       0
      306.077     -36.4537       0
      306.787     -36.4236       0
      302.856     -36.0143       0
      303.567     -36.0042       0
      304.277     -35.9941       0
      304.987     -35.9840       0
      305.697     -35.9638       0
      306.408     -35.9437       0
      303.207     -35.5143       0
      303.917     -35.5042       0
      304.618     -35.4941       0
      305.328     -35.4840       0
      306.028     -35.4538       0
      306.729     -35.4337       0
      303.558     -35.0144       0
      302.858     -35.0145       0
      304.258     -35.0043       0
      304.958     -34.9942       0
      305.659     -34.9740       0
      306.359     -34.9539       0
      303.198     -34.5246       0
      303.898     -34.5145       0
      304.589     -34.5043       0
      307.241     -37.9039       0
      307.971     -37.8638       0
      308.691     -37.8236       0
      309.421     -37.7835       0
      310.141     -37.7334       0
      310.861     -37.6833       0
      306.841     -37.4137       0
      307.571     -37.3835       0
      308.291     -37.3534       0
      309.012     -37.3133       0
      309.732     -37.2632       0
      310.442     -37.2131       0
      311.162     -37.1629       0
      307.172     -36.9033       0
      307.892     -36.8732       0
      308.602     -36.8331       0
      309.322     -36.7930       0
      310.033     -36.7429       0
      310.743     -36.6927       0
      307.493     -36.3931       0
      308.203     -36.3629       0
      308.913     -36.3228       0
      309.623     -36.2727       0
      310.333     -36.2225       0
      311.043     -36.1724       0
      307.113     -35.9129       0
      307.813     -35.8828       0
      308.523     -35.8427       0
      309.224     -35.8025       0
      309.934     -35.7524       0
      310.634     -35.7023       0
      307.424     -35.4027       0
      308.134     -35.3725       0
      308.834     -35.3324       0
      309.534     -35.2823       0
      310.225     -35.2421       0
      310.925     -35.1820       0
      307.044     -34.9226       0
      307.745     -34.8925       0
      308.445     -34.8523       0
      309.135     -34.8122       0
      309.825     -34.7720       0
      310.526     -34.7219       0
      313.448     -37.9550       0
      314.168     -37.8749       0
      314.888     -37.7948       0
      311.578     -37.6248       0
      312.298     -37.5647       0
      313.018     -37.4947       0
      313.728     -37.4246       0
      314.438     -37.3445       0
      315.158     -37.2644       0
      311.868     -37.1044       0
      312.588     -37.0343       0
      313.298     -36.9742       0
      314.008     -36.8941       0
      314.708     -36.8140       0
      315.419     -36.7339       0
      311.448     -36.6340       0
      312.159     -36.5739       0
      312.869     -36.5138       0
      313.569     -36.4437       0
      314.279     -36.3636       0
      314.979     -36.2935       0
      311.739     -36.1135       0
      312.439     -36.0534       0
      313.149     -35.9833       0
      313.849     -35.9132       0
      314.539     -35.8431       0
      315.240     -35.7631       0
      311.329     -35.6532       0
      312.030     -35.5931       0
      312.720     -35.5330       0
      313.420     -35.4629       0
      314.110     -35.3928       0
      314.810     -35.3127       0
      315.500     -35.2326       0
      311.620     -35.1327       0
      312.310     -35.0726       0
      313.000     -35.0025       0
      313.691     -34.9324       0
      314.381     -34.8623       0
      315.071     -34.7822       0
      311.211     -34.6624       0
      311.901     -34.6122       0
      312.591     -34.5421       0
      300.972     -41.4890       0
      300.201     -41.4792       0
      299.431     -41.4593       0
      298.661     -41.4295       0
      301.362     -40.9992       0
      302.132     -40.9992       0
      300.602     -40.9894       0
      299.842     -40.9696       0
      299.071     -40.9498       0
      298.311     -40.9199       0
      302.513     -40.4994       0
      301.753     -40.4996       0
      300.992     -40.4898       0
      300.242     -40.4800       0
      299.482     -40.4601       0
      298.722     -40.4403       0
      301.383     -40.0000       0
      302.133     -40.0000       0
      300.633     -39.9903       0
      299.882     -39.9705       0
      299.132     -39.9506       0
      298.382     -39.9308       0
      302.514     -39.5004       0
      301.763     -39.5006       0
      301.023     -39.4907       0
      300.273     -39.4809       0
      299.533     -39.4611       0
      298.782     -39.4412       0
      301.404     -39.0010       0
      302.144     -39.0010       0
      300.663     -38.9913       0
      299.923     -38.9714       0
      299.183     -38.9616       0
      298.442     -38.9317       0
      302.514     -38.5114       0
      301.044     -38.5017       0
      301.774     -38.5017       0
      300.303     -38.4819       0
      299.573     -38.4721       0
      298.843     -38.4522       0
      302.144     -38.0120       0
      301.424     -38.0022       0
      304.049     -41.4861       0
      304.819     -41.4760       0
      305.589     -41.4559       0
      306.360     -41.4258       0
      302.889     -40.9964       0
      303.659     -40.9963       0
      304.419     -40.9862       0
      305.180     -40.9661       0
      305.950     -40.9460       0
      306.710     -40.9159       0
      303.270     -40.4965       0
      304.030     -40.4864       0
      304.780     -40.4763       0
      305.541     -40.4563       0
      306.301     -40.4362       0
      302.890     -39.9967       0
      303.640     -39.9967       0
      304.391     -39.9866       0
      305.141     -39.9665       0
      305.891     -39.9464       0
      306.642     -39.9263       0
      303.261     -39.4969       0
      304.001     -39.4869       0
      304.751     -39.4768       0
      305.492     -39.4567       0
      306.242     -39.4366       0
      302.881     -38.9972       0
      303.621     -38.9972       0
      304.362     -38.9871       0
      305.102     -38.9670       0
      305.842     -38.9570       0
      306.583     -38.9269       0
      303.982     -38.4974       0
      303.252     -38.4976       0
      304.722     -38.4774       0
      305.453     -38.4673       0
      306.183     -38.4472       0
      302.882     -38.0078       0
      303.602     -37.9978       0
      307.115     -41.4046       0
      307.885     -41.3644       0
      308.655     -41.3243       0
      309.415     -41.2842       0
      310.176     -41.2341       0
      310.936     -41.1740       0
      307.465     -40.8844       0
      308.226     -40.8443       0
      308.986     -40.8042       0
      309.746     -40.7641       0
      310.496     -40.7040       0
      307.046     -40.4044       0
      307.806     -40.3743       0
      308.556     -40.3342       0
      309.307     -40.2841       0
      310.067     -40.2340       0
      310.807     -40.1839       0
      307.387     -39.8944       0
      308.137     -39.8542       0
      308.887     -39.8141       0
      309.627     -39.7640       0
      310.378     -39.7139       0
      311.118     -39.6638       0
      306.977     -39.4044       0
      307.728     -39.3743       0
      308.468     -39.3342       0
      309.208     -39.2941       0
      309.948     -39.2440       0
      310.689     -39.1939       0
      307.318     -38.8944       0
      308.058     -38.8643       0
      308.789     -38.8242       0
      309.529     -38.7741       0
      310.259     -38.7239       0
      310.989     -38.6738       0
      306.919     -38.4146       0
      307.649     -38.3845       0
      308.379     -38.3443       0
      309.110     -38.3042       0
      309.840     -38.2541       0
      310.570     -38.2040       0
      313.671     -41.4344       0
      314.431     -41.3543       0
      315.181     -41.2742       0
      311.691     -41.1144       0
      312.451     -41.0543       0
      313.211     -40.9741       0
      313.961     -40.9040       0
      314.712     -40.8239       0
      315.462     -40.7338       0
      311.252     -40.6541       0
      312.002     -40.5840       0
      312.752     -40.5239       0
      313.502     -40.4538       0
      314.242     -40.3737       0
      314.992     -40.2936       0
      311.552     -40.1238       0
      312.302     -40.0637       0
      313.043     -39.9936       0
      313.783     -39.9235       0
      314.523     -39.8434       0
      315.263     -39.7533       0
      311.853     -39.6035       0
      312.593     -39.5334       0
      313.333     -39.4633       0
      314.073     -39.3832       0
      314.804     -39.3031       0
      311.423     -39.1334       0
      312.154     -39.0733       0
      312.884     -39.0032       0
      313.624     -38.9330       0
      314.344     -38.8529       0
      315.074     -38.7728       0
      311.714     -38.6131       0
      312.444     -38.5430       0
      313.174     -38.4829       0
      313.905     -38.4028       0
      314.625     -38.3227       0
      315.345     -38.2425       0
      311.285     -38.1430       0
      312.015     -38.0829       0
      312.735     -38.0228       0
      291.546     -37.9574       0
      290.826     -37.8775       0
      290.106     -37.7975       0
      293.416     -37.6269       0
      292.696     -37.5670       0
      291.976     -37.4971       0
      291.266     -37.4272       0
      290.556     -37.3472       0
      289.836     -37.2673       0
      293.126     -37.1067       0
      292.406     -37.0368       0
      291.696     -36.9768       0
      290.986     -36.8969       0
      290.286     -36.8170       0
      289.576     -36.7371       0
      293.547     -36.6363       0
      292.837     -36.5764       0
      292.127     -36.5165       0
      291.427     -36.4466       0
      290.717     -36.3667       0
      290.017     -36.2968       0
      293.257     -36.1161       0
      292.557     -36.0562       0
      291.847     -35.9863       0
      291.147     -35.9164       0
      290.457     -35.8465       0
      289.757     -35.7666       0
      293.667     -35.6558       0
      292.967     -35.5959       0
      292.277     -35.5360       0
      291.577     -35.4661       0
      290.887     -35.3962       0
      290.187     -35.3163       0
      289.497     -35.2364       0
      293.378     -35.1356       0
      292.688     -35.0757       0
      291.998     -35.0058       0
      291.308     -34.9359       0
      290.618     -34.8660       0
      289.928     -34.7861       0
      293.788     -34.6653       0
      293.098     -34.6154       0
      292.408     -34.5456       0
      313.952     -44.9256       0
      314.752     -44.8355       0
      311.852     -44.6160       0
      312.652     -44.5459       0
      313.452     -44.4658       0
      314.253     -44.3856       0
      315.043     -44.3055       0
      311.372     -44.1462       0
      312.173     -44.0861       0
      312.963     -44.0160       0
      313.753     -43.9358       0
      314.544     -43.8557       0
      315.334     -43.7656       0
      311.693     -43.6263       0
      312.484     -43.5562       0
      313.274     -43.4861       0
      314.054     -43.4060       0
      314.834     -43.3258       0
      311.224     -43.1566       0
      312.014     -43.0965       0
      312.794     -43.0263       0
      313.575     -42.9562       0
      314.345     -42.8761       0
      315.125     -42.7860       0
      311.545     -42.6368       0
      312.325     -42.5667       0
      313.095     -42.4965       0
      313.866     -42.4264       0
      314.636     -42.3363       0
      315.406     -42.2561       0
      311.855     -42.1070       0
      312.626     -42.0369       0
      313.396     -41.9667       0
      314.157     -41.8866       0
      314.917     -41.8065       0
      311.406     -41.6474       0
      312.166     -41.5773       0
      312.927     -41.5071       0
      291.333     -41.4367       0
      290.573     -41.3568       0
      289.823     -41.2769       0
      293.314     -41.1165       0
      292.553     -41.0566       0
      291.793     -40.9767       0
      291.043     -40.9068       0
      290.293     -40.8269       0
      289.543     -40.7370       0
      293.754     -40.6565       0
      293.004     -40.5866       0
      292.254     -40.5267       0
      291.504     -40.4568       0
      290.764     -40.3769       0
      290.014     -40.2970       0
      293.454     -40.1267       0
      292.704     -40.0668       0
      291.964     -39.9969       0
      291.224     -39.9270       0
      290.484     -39.8471       0
      289.744     -39.7572       0
      293.155     -39.6068       0
      292.415     -39.5369       0
      291.675     -39.4670       0
      290.935     -39.3871       0
      290.204     -39.3072       0
      293.585     -39.1369       0
      292.855     -39.0770       0
      292.125     -39.0071       0
      291.385     -38.9372       0
      290.665     -38.8573       0
      289.935     -38.7774       0
      293.296     -38.6171       0
      292.565     -38.5472       0
      291.835     -38.4873       0
      291.105     -38.4074       0
      290.385     -38.3275       0
      289.665     -38.2476       0
      293.726     -38.1472       0
      292.996     -38.0873       0
      292.276     -38.0274       0
      297.890     -41.4058       0
      297.120     -41.3659       0
      296.350     -41.3260       0
      295.590     -41.2860       0
      294.830     -41.2361       0
      294.070     -41.1762       0
      297.541     -40.8857       0
      296.781     -40.8458       0
      296.021     -40.8059       0
      295.261     -40.7660       0
      294.511     -40.7060       0
      297.961     -40.4055       0
      297.201     -40.3756       0
      296.451     -40.3357       0
      295.701     -40.2858       0
      294.941     -40.2359       0
      294.201     -40.1860       0
      297.622     -39.8955       0
      296.872     -39.8556       0
      296.122     -39.8157       0
      295.382     -39.7658       0
      294.632     -39.7159       0
      293.892     -39.6660       0
      298.032     -39.4053       0
      297.282     -39.3755       0
      296.542     -39.3356       0
      295.802     -39.2957       0
      295.062     -39.2458       0
      294.322     -39.1959       0
      297.693     -38.8953       0
      296.953     -38.8655       0
      296.223     -38.8256       0
      295.483     -38.7757       0
      294.753     -38.7258       0
      294.022     -38.6759       0
      298.093     -38.4153       0
      297.363     -38.3854       0
      296.633     -38.3455       0
      295.903     -38.3056       0
      295.173     -38.2557       0
      294.443     -38.2059       0
      298.031     -44.9095       0
      297.210     -44.8796       0
      296.400     -44.8398       0
      295.590     -44.7899       0
      294.780     -44.7400       0
      293.980     -44.6802       0
      297.661     -44.3999       0
      296.861     -44.3600       0
      296.050     -44.3202       0
      295.250     -44.2703       0
      294.450     -44.2104       0
      298.101     -43.9101       0
      297.301     -43.8803       0
      296.501     -43.8404       0
      295.711     -43.8006       0
      294.910     -43.7507       0
      294.120     -43.6908       0
      297.742     -43.4006       0
      296.951     -43.3607       0
      296.161     -43.3209       0
      295.371     -43.2710       0
      294.581     -43.2211       0
      298.172     -42.9209       0
      297.392     -42.8810       0
      296.601     -42.8512       0
      295.821     -42.8013       0
      295.041     -42.7515       0
      294.261     -42.7016       0
      297.822     -42.4014       0
      297.042     -42.3715       0
      296.262     -42.3317       0
      295.491     -42.2818       0
      294.711     -42.2319       0
      293.941     -42.1720       0
      297.472     -41.8919       0
      296.702     -41.8520       0
      295.932     -41.8121       0
      295.161     -41.7623       0
      294.391     -41.7124       0
      300.468     -44.9771       0
      299.648     -44.9572       0
      298.838     -44.9374       0
      302.509     -44.4969       0
      301.698     -44.4970       0
      300.888     -44.4872       0
      300.078     -44.4673       0
      299.268     -44.4475       0
      298.468     -44.4276       0
      302.109     -43.9971       0
      301.309     -43.9873       0
      300.499     -43.9774       0
      299.699     -43.9676       0
      298.899     -43.9377       0
      302.510     -43.4972       0
      301.710     -43.4974       0
      300.919     -43.4876       0
      300.119     -43.4677       0
      299.329     -43.4579       0
      298.529     -43.4280       0
      302.120     -42.9975       0
      301.330     -42.9877       0
      300.540     -42.9779       0
      299.750     -42.9680       0
      298.959     -42.9382       0
      302.511     -42.4977       0
      301.730     -42.4979       0
      300.940     -42.4880       0
      300.160     -42.4782       0
      299.380     -42.4584       0
      298.600     -42.4285       0
      302.121     -41.9980       0
      301.351     -41.9882       0
      300.571     -41.9784       0
      299.790     -41.9686       0
      299.020     -41.9487       0
      298.240     -41.9189       0
      301.741     -41.4984       0
      302.512     -41.4984       0
      304.545     -44.9757       0
      305.365     -44.9556       0
      306.175     -44.9355       0
      303.315     -44.4958       0
      304.125     -44.4857       0
      304.935     -44.4656       0
      305.746     -44.4455       0
      306.546     -44.4254       0
      302.905     -43.9958       0
      303.706     -43.9857       0
      304.516     -43.9756       0
      305.316     -43.9655       0
      306.116     -43.9355       0
      303.306     -43.4958       0
      304.096     -43.4857       0
      304.896     -43.4656       0
      305.687     -43.4555       0
      306.487     -43.4254       0
      302.896     -42.9958       0
      303.687     -42.9857       0
      304.477     -42.9757       0
      305.267     -42.9656       0
      306.057     -42.9355       0
      303.287     -42.4958       0
      304.077     -42.4857       0
      304.857     -42.4756       0
      305.638     -42.4556       0
      306.418     -42.4255       0
      302.897     -41.9959       0
      303.668     -41.9859       0
      304.448     -41.9758       0
      305.228     -41.9657       0
      305.998     -41.9456       0
      306.779     -41.9155       0
      303.278     -41.4960       0
      306.981     -44.9055       0
      307.801     -44.8754       0
      308.611     -44.8354       0
      309.422     -44.7853       0
      310.232     -44.7352       0
      311.032     -44.6751       0
      307.352     -44.3953       0
      308.152     -44.3552       0
      308.962     -44.3151       0
      309.762     -44.2650       0
      310.562     -44.2049       0
      306.912     -43.9052       0
      307.712     -43.8751       0
      308.513     -43.8350       0
      309.303     -43.7949       0
      310.103     -43.7448       0
      310.893     -43.6847       0
      307.273     -43.3950       0
      308.063     -43.3549       0
      308.853     -43.3148       0
      309.643     -43.2647       0
      310.434     -43.2146       0
      306.843     -42.9149       0
      307.624     -42.8748       0
      308.414     -42.8447       0
      309.194     -42.7946       0
      309.974     -42.7445       0
      310.754     -42.6944       0
      307.194     -42.3948       0
      307.974     -42.3647       0
      308.754     -42.3246       0
      309.525     -42.2744       0
      310.305     -42.2243       0
      311.075     -42.1642       0
      307.545     -41.8846       0
      308.315     -41.8445       0
      309.085     -41.8044       0
      309.855     -41.7543       0
      310.626     -41.7042       0
      291.068     -44.9297       0
      290.268     -44.8398       0
      293.169     -44.6197       0
      292.369     -44.5498       0
      291.568     -44.4699       0
      290.768     -44.3900       0
      289.978     -44.3101       0
      293.649     -44.1499       0
      292.849     -44.0900       0
      292.059     -44.0201       0
      291.269     -43.9402       0
      290.478     -43.8604       0
      289.688     -43.7705       0
      293.329     -43.6303       0
      292.539     -43.5604       0
      291.749     -43.4905       0
      290.969     -43.4106       0
      290.189     -43.3307       0
      293.800     -43.1605       0
      293.010     -43.1007       0
      292.229     -43.0308       0
      291.449     -42.9609       0
      290.679     -42.8810       0
      289.899     -42.7911       0
      293.480     -42.6410       0
      292.700     -42.5711       0
      291.929     -42.5012       0
      291.159     -42.4313       0
      290.389     -42.3414       0
      289.619     -42.2615       0
      293.170     -42.1114       0
      292.400     -42.0415       0
      291.630     -41.9716       0
      290.869     -41.8917       0
      290.109     -41.8118       0
      293.620     -41.6517       0
      292.860     -41.5818       0
      292.100     -41.5119       0
      306.865     -48.4200       0
      307.726     -48.3800       0
      308.596     -48.3399       0
      309.457     -48.2998       0
      310.317     -48.2397       0
      311.177     -48.1796       0
      307.256     -47.9004       0
      308.107     -47.8703       0
      308.967     -47.8202       0
      309.817     -47.7701       0
      310.678     -47.7201       0
      307.637     -47.3907       0
      308.487     -47.3506       0
      309.328     -47.3005       0
      310.178     -47.2504       0
      311.018     -47.1904       0
      307.167     -46.9111       0
      308.008     -46.8711       0
      308.848     -46.8310       0
      309.688     -46.7809       0
      310.529     -46.7209       0
      307.538     -46.3915       0
      308.378     -46.3514       0
      309.209     -46.3114       0
      310.039     -46.2613       0
      310.870     -46.2012       0
      307.078     -45.9120       0
      307.908     -45.8720       0
      308.739     -45.8319       0
      309.559     -45.7919       0
      310.380     -45.7318       0
      307.449     -45.3924       0
      308.269     -45.3624       0
      309.090     -45.3123       0
      309.910     -45.2623       0
      310.721     -45.2122       0
      314.273     -48.4067       0
      315.123     -48.3265       0
      312.033     -48.1170       0
      312.883     -48.0369       0
      313.733     -47.9568       0
      314.583     -47.8767       0
      315.424     -47.7866       0
      311.523     -47.6472       0
      312.363     -47.5871       0
      313.214     -47.5070       0
      314.054     -47.4269       0
      314.894     -47.3368       0
      311.854     -47.1273       0
      312.694     -47.0572       0
      313.535     -46.9771       0
      314.365     -46.8970       0
      315.195     -46.8069       0
      311.354     -46.6576       0
      312.185     -46.5975       0
      313.015     -46.5174       0
      313.845     -46.4473       0
      314.666     -46.3572       0
      315.486     -46.2671       0
      311.685     -46.1378       0
      312.516     -46.0677       0
      313.336     -45.9876       0
      314.156     -45.9075       0
      314.967     -45.8274       0
      311.196     -45.6682       0
      312.016     -45.6081       0
      312.836     -45.5380       0
      313.647     -45.4579       0
      314.457     -45.3777       0
      315.268     -45.2876       0
      311.527     -45.1485       0
      312.337     -45.0784       0
      313.147     -45.0082       0
      305.120     -48.4674       0
      305.990     -48.4473       0
      302.939     -47.9977       0
      303.800     -47.9876       0
      304.660     -47.9776       0
      305.530     -47.9575       0
      306.391     -47.9374       0
      303.360     -47.4978       0
      304.220     -47.4877       0
      305.071     -47.4677       0
      305.921     -47.4476       0
      306.781     -47.4175       0
      302.930     -46.9980       0
      303.781     -46.9880       0
      304.631     -46.9779       0
      305.471     -46.9578       0
      306.312     -46.9378       0
      303.351     -46.4982       0
      304.191     -46.4881       0
      305.022     -46.4680       0
      305.862     -46.4480       0
      306.702     -46.4179       0
      302.931     -45.9984       0
      303.762     -45.9884       0
      304.592     -45.9783       0
      305.422     -45.9583       0
      306.253     -45.9382       0
      303.332     -45.4986       0
      304.162     -45.4886       0
      304.983     -45.4685       0
      305.803     -45.4484       0
      306.623     -45.4284       0
      302.922     -44.9989       0
      303.733     -44.9889       0
      290.752     -48.4181       0
      289.901     -48.3382       0
      292.993     -48.1284       0
      292.142     -48.0485       0
      291.292     -47.9685       0
      290.441     -47.8886       0
      289.601     -47.7987       0
      293.503     -47.6589       0
      292.663     -47.5990       0
      291.812     -47.5191       0
      290.972     -47.4391       0
      290.131     -47.3492       0
      293.173     -47.1395       0
      292.332     -47.0695       0
      291.492     -46.9896       0
      290.661     -46.9096       0
      289.831     -46.8197       0
      293.673     -46.6700       0
      292.842     -46.6101       0
      292.012     -46.5302       0
      291.181     -46.4602       0
      290.361     -46.3703       0
      289.540     -46.2803       0
      293.342     -46.1507       0
      292.512     -46.0808       0
      291.691     -46.0008       0
      290.871     -45.9208       0
      290.060     -45.8409       0
      293.832     -45.6814       0
      293.012     -45.6214       0
      292.191     -45.5514       0
      291.381     -45.4714       0
      290.570     -45.3915       0
      289.760     -45.3015       0
      293.502     -45.1620       0
      292.691     -45.0921       0
      291.881     -45.0221       0
      298.164     -48.4233       0
      297.304     -48.3835       0
      296.433     -48.3436       0
      295.573     -48.3038       0
      294.713     -48.2439       0
      293.852     -48.1840       0
      297.774     -47.9039       0
      296.924     -47.8740       0
      296.063     -47.8242       0
      295.213     -47.7743       0
      294.353     -47.7244       0
      297.394     -47.3943       0
      296.544     -47.3545       0
      295.703     -47.3046       0
      294.853     -47.2548       0
      294.013     -47.1949       0
      297.864     -46.9148       0
      297.024     -46.8749       0
      296.184     -46.8351       0
      295.343     -46.7852       0
      294.503     -46.7253       0
      297.494     -46.3953       0
      296.654     -46.3554       0
      295.824     -46.3156       0
      294.993     -46.2657       0
      294.163     -46.2058       0
      297.955     -45.9158       0
      297.124     -45.8759       0
      296.294     -45.8360       0
      295.473     -45.7962       0
      294.653     -45.7363       0
      297.585     -45.3963       0
      296.764     -45.3664       0
      295.944     -45.3166       0
      295.123     -45.2667       0
      294.313     -45.2168       0
      299.902     -48.4698       0
      299.031     -48.4499       0
      302.082     -47.9996       0
      301.222     -47.9898       0
      300.362     -47.9799       0
      299.492     -47.9601       0
      298.632     -47.9403       0
      302.513     -47.4998       0
      301.663     -47.5000       0
      300.803     -47.4902       0
      299.952     -47.4703       0
      299.102     -47.4505       0
      298.242     -47.4207       0
      302.093     -47.0003       0
      301.243     -46.9904       0
      300.393     -46.9806       0
      299.553     -46.9608       0
      298.712     -46.9409       0
      302.514     -46.5005       0
      301.674     -46.5007       0
      300.833     -46.4909       0
      300.003     -46.4711       0
      299.163     -46.4512       0
      298.323     -46.4214       0
      302.094     -46.0010       0
      301.264     -45.9912       0
      300.434     -45.9814       0
      299.603     -45.9616       0
      298.773     -45.9417       0
      302.515     -45.5014       0
      301.694     -45.5015       0
      300.864     -45.4917       0
      300.044     -45.4719       0
      299.224     -45.4521       0
      298.403     -45.4322       0
      302.105     -45.0019       0
      301.295     -44.9921       0
      304.853     -51.9831       0
      305.794     -51.9632       0
      306.725     -51.9334       0
      303.442     -51.5038       0
      304.372     -51.4940       0
      305.293     -51.4741       0
      306.214     -51.4543       0
      303.892     -51.0046       0
      302.981     -51.0048       0
      304.813     -50.9850       0
      305.724     -50.9652       0
      306.635     -50.9454       0
      303.431     -50.5057       0
      304.332     -50.4959       0
      305.243     -50.4861       0
      306.144     -50.4564       0
      302.971     -50.0165       0
      303.862     -50.0068       0
      304.763     -49.9971       0
      305.664     -49.9774       0
      306.555     -49.9477       0
      303.411     -49.5077       0
      304.292     -49.4981       0
      305.183     -49.4884       0
      306.074     -49.4688       0
      302.960     -49.0186       0
      303.841     -49.0090       0
      304.722     -48.9994       0
      305.593     -48.9799       0
      306.474     -48.9503       0
      303.390     -48.5200       0
      304.261     -48.5105       0
      307.653     -51.8977       0
      308.583     -51.8477       0
      309.504     -51.7976       0
      310.435     -51.7476       0
      307.133     -51.4184       0
      308.053     -51.3784       0
      308.974     -51.3283       0
      309.895     -51.2783       0
      310.806     -51.2183       0
      307.543     -50.8991       0
      308.454     -50.8591       0
      309.365     -50.8091       0
      310.266     -50.7591       0
      311.176     -50.6991       0
      307.043     -50.4199       0
      307.944     -50.3800       0
      308.845     -50.3400       0
      309.746     -50.2901       0
      310.637     -50.2301       0
      307.444     -49.9108       0
      308.335     -49.8708       0
      309.226     -49.8209       0
      310.116     -49.7710       0
      311.007     -49.7110       0
      306.954     -49.4318       0
      307.845     -49.3919       0
      308.725     -49.3520       0
      309.606     -49.3021       0
      310.477     -49.2422       0
      307.354     -48.9127       0
      308.225     -48.8729       0
      309.096     -48.8330       0
      309.967     -48.7832       0
      310.838     -48.7233       0
      314.673     -51.8925       0
      311.352     -51.6833       0
      312.262     -51.6132       0
      313.183     -51.5331       0
      314.093     -51.4530       0
      315.004     -51.3628       0
      311.712     -51.1537       0
      312.623     -51.0836       0
      313.523     -51.0035       0
      314.424     -50.9134       0
      315.324     -50.8233       0
      312.073     -50.6242       0
      312.964     -50.5541       0
      313.864     -50.4740       0
      314.755     -50.3839       0
      311.533     -50.1647       0
      312.424     -50.0947       0
      313.305     -50.0146       0
      314.185     -49.9345       0
      315.066     -49.8444       0
      311.884     -49.6353       0
      312.765     -49.5652       0
      313.635     -49.4851       0
      314.516     -49.4050       0
      315.377     -49.3149       0
      311.354     -49.1761       0
      312.225     -49.1060       0
      313.096     -49.0360       0
      313.966     -48.9559       0
      314.827     -48.8658       0
      311.705     -48.6468       0
      312.566     -48.5767       0
      313.427     -48.5067       0
      290.362     -51.8998       0
      293.684     -51.6900       0
      292.774     -51.6201       0
      291.853     -51.5402       0
      290.942     -51.4602       0
      290.032     -51.3703       0
      293.324     -51.1605       0
      292.413     -51.0906       0
      291.513     -51.0107       0
      290.612     -50.9208       0
      289.711     -50.8308       0
      292.963     -50.6311       0
      292.073     -50.5612       0
      291.172     -50.4813       0
      290.281     -50.3913       0
      293.503     -50.1716       0
      292.613     -50.1017       0
      291.732     -50.0218       0
      290.852     -49.9418       0
      289.971     -49.8519       0
      293.153     -49.6423       0
      292.272     -49.5723       0
      291.402     -49.4924       0
      290.521     -49.4124       0
      289.660     -49.3224       0
      293.683     -49.1830       0
      292.812     -49.1130       0
      291.942     -49.0430       0
      291.071     -48.9631       0
      290.210     -48.8731       0
      293.332     -48.6536       0
      292.472     -48.5836       0
      291.611     -48.5136       0
      297.386     -51.8960       0
      296.455     -51.8461       0
      295.535     -51.7963       0
      294.604     -51.7464       0
      297.906     -51.4163       0
      296.985     -51.3765       0
      296.065     -51.3267       0
      295.145     -51.2768       0
      294.234     -51.2169       0
      297.496     -50.8969       0
      296.585     -50.8570       0
      295.675     -50.8072       0
      294.774     -50.7573       0
      293.864     -50.6975       0
      297.996     -50.4174       0
      297.096     -50.3776       0
      296.195     -50.3377       0
      295.295     -50.2878       0
      294.404     -50.2280       0
      297.596     -49.9080       0
      296.705     -49.8681       0
      295.815     -49.8183       0
      294.924     -49.7684       0
      294.034     -49.7085       0
      298.086     -49.4286       0
      297.196     -49.3887       0
      296.315     -49.3488       0
      295.435     -49.2990       0
      294.564     -49.2391       0
      297.686     -48.9092       0
      296.815     -48.8693       0
      295.945     -48.8294       0
      295.074     -48.7795       0
      294.204     -48.7196       0
      290.873     -55.4579       0
      289.883     -55.3680       0
      293.475     -55.1680       0
      292.484     -55.0881       0
      291.494     -55.0083       0
      290.513     -54.9284       0
      289.543     -54.8285       0
      293.094     -54.6385       0
      292.114     -54.5586       0
      291.133     -54.4788       0
      290.163     -54.3889       0
      293.685     -54.1789       0
      292.714     -54.1090       0
      291.744     -54.0292       0
      290.783     -53.9493       0
      289.822     -53.8594       0
      293.294     -53.6595       0
      292.344     -53.5796       0
      291.393     -53.4997       0
      290.443     -53.4198       0
      292.924     -53.1299       0
      291.983     -53.0500       0
      291.043     -52.9701       0
      290.102     -52.8802       0
      293.494     -52.6704       0
      292.564     -52.6005       0
      291.623     -52.5206       0
      290.692     -52.4407       0
      289.772     -52.3507       0
      293.134     -52.1410       0
      292.203     -52.0711       0
      291.283     -51.9911       0
      297.477     -55.3791       0
      296.477     -55.3393       0
      295.466     -55.2894       0
      294.475     -55.2296       0
      298.028     -54.9095       0
      297.037     -54.8697       0
      296.046     -54.8199       0
      295.056     -54.7700       0
      294.075     -54.7101       0
      297.587     -54.3902       0
      296.607     -54.3503       0
      295.626     -54.3005       0
      294.655     -54.2506       0
      298.128     -53.9207       0
      297.157     -53.8808       0
      296.196     -53.8310       0
      295.226     -53.7811       0
      294.265     -53.7212       0
      297.697     -53.4014       0
      296.737     -53.3615       0
      295.786     -53.3216       0
      294.825     -53.2617       0
      293.874     -53.2019       0
      297.277     -52.8921       0
      296.326     -52.8422       0
      295.385     -52.7923       0
      294.435     -52.7424       0
      297.807     -52.4127       0
      296.866     -52.3728       0
      295.926     -52.3329       0
      294.995     -52.2730       0
      294.054     -52.2131       0
      307.562     -55.3756       0
      308.562     -55.3356       0
      309.573     -55.2855       0
      310.563     -55.2254       0
      307.012     -54.9062       0
      308.002     -54.8661       0
      308.993     -54.8160       0
      309.983     -54.7659       0
      310.964     -54.7059       0
      307.452     -54.3867       0
      308.433     -54.3466       0
      309.413     -54.2965       0
      310.384     -54.2465       0
      306.912     -53.9172       0
      307.883     -53.8772       0
      308.844     -53.8271       0
      309.814     -53.7771       0
      310.775     -53.7170       0
      307.343     -53.3978       0
      308.304     -53.3578       0
      309.254     -53.3177       0
      310.215     -53.2577       0
      311.166     -53.1976       0
      307.763     -52.8884       0
      308.714     -52.8384       0
      309.655     -52.7884       0
      310.606     -52.7383       0
      307.233     -52.4091       0
      308.174     -52.3691       0
      309.115     -52.3291       0
      310.046     -52.2691       0
      310.986     -52.2091       0
      307.653     -51.8977       0
      308.583     -51.8477       0
      309.504     -51.7976       0
      310.435     -51.7476       0
      307.133     -51.4184       0
      308.053     -51.3784       0
      308.974     -51.3283       0
      309.895     -51.2783       0
      310.806     -51.2183       0
      307.543     -50.8991       0
      308.454     -50.8591       0
      309.365     -50.8091       0
      310.266     -50.7591       0
      311.176     -50.6991       0
      307.043     -50.4199       0
      307.944     -50.3800       0
      308.845     -50.3400       0
      309.746     -50.2901       0
      310.637     -50.2301       0
      307.444     -49.9108       0
      308.335     -49.8708       0
      309.226     -49.8209       0
      310.116     -49.7710       0
      311.007     -49.7110       0
      306.954     -49.4318       0
      307.845     -49.3919       0
      308.725     -49.3520       0
      309.606     -49.3021       0
      310.477     -49.2422       0
      307.354     -48.9127       0
      308.225     -48.8729       0
      309.096     -48.8330       0
      309.967     -48.7832       0
      310.838     -48.7233       0
      303.526     -55.4720       0
      304.536     -55.4619       0
      305.547     -55.4419       0
      306.557     -55.4118       0
      303.016     -54.9723       0
      304.016     -54.9722       0
      305.007     -54.9522       0
      306.007     -54.9321       0
      303.506     -54.4725       0
      304.487     -54.4625       0
      305.477     -54.4424       0
      306.458     -54.4223       0
      303.007     -53.9829       0
      303.977     -53.9728       0
      304.957     -53.9628       0
      305.928     -53.9427       0
      303.477     -53.4831       0
      304.447     -53.4731       0
      305.408     -53.4530       0
      306.378     -53.4329       0
      302.997     -52.9935       0
      303.948     -52.9834       0
      304.908     -52.9634       0
      305.858     -52.9434       0
      306.809     -52.9133       0
      303.458     -52.4939       0
      304.408     -52.4838       0
      305.349     -52.4638       0
      306.289     -52.4337       0
      302.988     -51.9943       0
      303.918     -51.9842       0
      301.508     -55.4756       0
      302.519     -55.4756       0
      300.498     -55.4660       0
      299.487     -55.4462       0
      298.477     -55.4163       0
      301.018     -54.9762       0
      302.019     -54.9762       0
      300.028     -54.9565       0
      299.027     -54.9367       0
      302.519     -54.4864       0
      301.529     -54.4766       0
      300.548     -54.4668       0
      299.558     -54.4470       0
      298.577     -54.4272       0
      302.029     -53.9870       0
      301.059     -53.9772       0
      300.078     -53.9674       0
      299.108     -53.9476       0
      301.559     -53.4875       0
      302.519     -53.4875       0
      300.588     -53.4778       0
      299.628     -53.4580       0
      298.657     -53.4382       0
      302.039     -52.9981       0
      301.089     -52.9883       0
      300.128     -52.9685       0
      299.178     -52.9487       0
      298.227     -52.9188       0
      302.520     -52.4987       0
      301.579     -52.4989       0
      300.629     -52.4891       0
      299.688     -52.4693       0
      298.747     -52.4394       0
      302.050     -51.9994       0
      301.119     -51.9896       0
      300.185     -51.9723       0
      299.244     -51.9525       0
      298.314     -51.9227       0
      302.516     -51.4923       0
      301.595     -51.4925       0
      300.665     -51.4826       0
      299.745     -51.4628       0
      298.824     -51.4430       0
      302.056     -50.9927       0
      301.145     -50.9929       0
      300.225     -50.9731       0
      299.315     -50.9533       0
      298.405     -50.9334       0
      302.516     -50.5031       0
      301.606     -50.4933       0
      300.706     -50.4835       0
      299.795     -50.4736       0
      298.895     -50.4438       0
      302.066     -50.0035       0
      301.176     -49.9937       0
      300.276     -49.9839       0
      299.375     -49.9641       0
      298.485     -49.9343       0
      302.517     -49.5040       0
      301.627     -49.4942       0
      300.746     -49.4844       0
      299.856     -49.4745       0
      298.965     -49.4547       0
      302.077     -49.0045       0
      301.197     -48.9947       0
      300.316     -48.9849       0
      299.446     -48.9651       0
      298.565     -48.9352       0
      302.517     -48.5050       0
      301.647     -48.5052       0
      300.777     -48.4954       0
      314.158     -55.4501       0
      315.149     -55.3600       0
      311.558     -55.1606       0
      312.548     -55.0805       0
      313.539     -55.0004       0
      314.519     -54.9203       0
      315.489     -54.8202       0
      311.939     -54.6308       0
      312.919     -54.5507       0
      313.899     -54.4706       0
      314.870     -54.3805       0
      311.349     -54.1712       0
      312.319     -54.1011       0
      313.290     -54.0210       0
      314.250     -53.9408       0
      315.210     -53.8507       0
      311.739     -53.6514       0
      312.690     -53.5713       0
      313.640     -53.4912       0
      314.591     -53.4111       0
      312.110     -53.1216       0
      313.050     -53.0415       0
      313.991     -52.9614       0
      314.931     -52.8713       0
      311.540     -52.6620       0
      312.471     -52.5919       0
      313.411     -52.5118       0
      314.342     -52.4317       0
      315.262     -52.3416       0
      311.901     -52.1324       0
      312.831     -52.0623       0
      313.752     -51.9822       0