HI     1215    1215.6700       6.265E+08 4.164E-01
HI     1025    1025.7222       1.673E+08 7.914E-02
HI     972     972.5367        6.819E+07 2.901E-02
HI     949     949.7430        3.437E+07 1.395E-02
HI     937     937.8034        1.973E+07 7.803E-03
HI     930     930.7482        1.236E+07 4.816E-03
HI     926     926.2256        8.255E+06 3.185E-03
HI     923     923.1503        5.785E+06 2.217E-03
HI     920     920.9630        4.210E+06 1.606E-03 -2.493  0.170
HI     919     919.3513        3.160E+06 1.201E-03 -2.619  0.043
HI     918     918.1293        2.432E+06 9.219E-04 -2.734 -0.072
HI     917     917.1805        1.911E+06 7.231E-04 -2.840 -0.178
HI     916     916.4291        1.529E+06 5.777E-04 -2.937 -0.276
OI   	1302	1302.1685   	5.65E+08  4.80E-02  
OI   	1039	1039.2304   	1.87E+08  9.07E-03  
OI	988	988.7734     	2.26E+08  4.65E-02  -0.634  1.662       
OI	976	976.4481	3.86E+07  3.31E-03  -1.781  0.509       
OI      971	971.7382	5.85E+07  1.16E-02  -1.237  1.052       
OI	948	948.6855	105409.0  6.31E-03  -1.024  0.778       
OII  	834	834.465  	1e8	  0.132  	0.210
OII  	833	833.3294   	1e8       0.886E-01  0.150E+00  10.80   9
OII  	832	832.7572   	1e8       0.444E-01  0.700E-01  10.50   9
OIII 	832	832.927		1e8	  0.107
OIII  	702 	702.3320 	1e8       0.137E+00  0.126E+00  10.91   2
OIV  	787	787.711  	1e8	  0.111
OIV   	608	608.3980   	1e8       0.670E-01  0.694E-01  10.54   2
OV   	629	629.730	 	1e8	  0.515
OVI 	1037	1037.6167     	4.076E+08 6.580E-02
OVI 	1031	1031.9261     	4.149E+08 1.325E-01
NeVIII 	770	770.409		1e8	  0.103
NeVIII 	780	780.324		1e8	  0.0505
CII  	1334	1334.5323   	2.88E+08  1.28E-01  
CII     1036	1036.3367       2.20E+09  1.18E-01  -0.626  2.088	
CIIs    1037	1037.0182       2.20E+09  1.18E-01  -0.325  2.088
CIIs    1335	1335.7077       2.88E+08  1.15E-01  -0.336  2.188 
CIII 	977	977.0201     	1.76E+09  7.57E-01 
CIV  	1550	1550.781  	2.628E+08 9.475E-02 -0.722  2.167  7E-4 
CIV  	1548	1548.204  	2.643E+08 1.899E-01 -0.420  2.468  7E-4 
NI	1201	1200.7098	4.00E+08  4.32E-02  -0.763  1.715	  
NI	1200	1200.2233	4.02E+08  8.69E-02  -0.459  2.018	 
NI	1199	1199.5496	4.07E+08  1.32E-01  -0.278  2.199	  
NI 	1135	1134.9803	1.44E+08  4.16E-02  -0.779  1.674	  
NI 	1134a	1134.4149	1.49E+08  2.87E-02  -0.941  1.512	  
NI 	1134	1134.1653	1.51E+08  1.46E-02  -1.234  1.219	  
NII 	1083    1083.9937	3.74E+08  1.11E-01  -0.956  2.079	  
NIII	989	989.799      	5.00E+08  1.23E-01  -0.610  2.085  0.04 
NIII	763	763.3400  	1e8	  0.820E-01  0.839E-01   9.85   2
NIV  	765	765.148	  	1e8	  0.616 0.632
NV 	1242	1242.804      	3.356E+08 7.770E-02 
NV 	1238	1238.821      	3.391E+08 1.560E-01 
MgII 	1240	1240.3947     	1.54E+06  3.56E-04 
MgII 	1239	1239.9253     	1.37E+06  6.32E-04 
MgII	2803	2803.5315	2.595E+08 3.058E-01 -0.214  2.933  0.003
MgII	2796  	2796.3543	2.625E+08 6.155E-01  0.090  3.236  0.004
MgX 	624	624.9500    	1e8	  0.410E-01  0.410E-01   8.99	2
MgX 	609	609.7900    	1e8	  0.842E-01  0.839E-01   9.29	2
SiII 	1526	1526.7070   	1.13E+09  1.33E-01  
SiII 	1304	1304.3702   	1.01E+09  8.63E-02  
SiII 	1260	1260.4221   	2.95E+09  1.18E+00  
SiII 	1193	1193.2897   	4.07E+09  5.82E-01  
SiII 	1190	1190.4158   	4.08E+09  2.92E-01  
SiII 	1020	1020.6989   	1.08E+08  1.68E-02 
SiIII 	1206	1206.500     	2.48E+09  1.63E+00   
SiIV 	1402	1402.7729   	8.62E+08  2.54E-01  
SiIV 	1393	1393.7602   	8.80E+08  5.13E-01  
AlII 	1670	1670.7886    	1.39E+09  1.74E+00   0.241  3.463       
AlII  	935	935.2738    	6.41E+06  2.52E-03  -2.599  0.372       
AlIII	1862	1862.7910	5.34E+08  2.78E-01  -0.255  2.714     
AlIII	1854	1854.7184	5.42E+08  5.59E-01   0.048  3.016     
FeII 	1608	1608.4511	2.74E+08  5.77E-02  -0.239  1.968  0.026
FeII 	1611	1611.2005	2.86E+08  1.38E-03  -1.860  0.347  0.08 
FeII	2382	2382.7652    	3.13E+08  3.20E-01   0.505  2.882  0.005
FeII	2600  	2600.1729     	2.70E+08  2.39E-01   0.378  2.793  0.007
FeIII 	1122	1122.524   	3.70E+08  5.44E-02  -0.310  1.786       
SII   	1259	1259.518     	4.65E+07  1.66E-02  -1.178  1.320  0.04 
SII   	1253	1253.805     	4.62E+07  1.09E-02  -1.361  1.136  0.04 
SII   	1250	1250.578     	4.63E+07  5.43E-03  -1.663  0.832  0.04 
S_III  	1190	1190.203     	6.65E+07  2.37E-02  -1.626  1.449  0.02 
SIII  	1012	1012.495     	2.81E+08  4.38E-02  -1.359  1.647  0.09 
SIII	724	724.2890   	1e8   	  0.352E+00  0.000E+00   9.68  12
SIII	698	698.7310   	1e8   	  0.783E+00  0.000E+00  10.01  12
SIII	681	681.4700   	1e8   	  0.683E-01  0.000E+00   8.94  12
SIII	677	677.7460   	1e8   	  0.164E+01  0.000E+00  10.32  12
SIV   	1062	1062.664     	1.69E+08  4.94E-02  -1.005  1.720	
SIV 	809	809.6680   	1e8   	  0.104E+00  0.000E+00   9.20	2
SIV 	748	748.4000   	1e8   	  0.500E+00  0.000E+00   9.84	2
SIV 	744	744.9070   	1e8   	  0.251E+00  0.000E+00   9.54	2
SIV 	657	657.3400   	1e8   	  0.118E+01  0.000E+00  10.16   2
SV      786	786.4800  	1e8 	  0.142E+01  0.146E+01  10.32   2
SVI 	944	944.523   	1.61E+09  2.15E-01 
SVI 	933	933.378   	1.67E+09  4.37E-01 
ArI  	1066	1066.6598	1.32E+08  6.75E-02  -1.171  1.857  0.005
ArI  	1048	1048.2199	3.18E+07  2.63E-01  -0.580  2.440  0.004
ArII 	919	919.7810	1e8   	  0.181E-01  0.887E-02   7.78	1
ArII 	740	740.2691	1e8   	  0.250E-02  0.250E-02   6.83	2
ArII 	723	723.3605	1e8   	  0.181E+00  0.180E+00   8.68	2
ArII 	718	718.0898	1e8   	  0.364E-01  0.370E-01   7.98	2
ArII 	672	672.8562	1e8   	  0.866E-02  0.000E+00   7.33   2
ArII 	671	671.8513	1e8   	  0.781E-01  0.000E+00   8.28	2
ArII 	664	664.5622	1e8   	  0.877E-02  0.000E+00   7.33	2
ArII 	661	661.8689	1e8   	  0.793E-01  0.000E+00   8.28	2
ZnII	2062  	2062.6604     	3.86E+08  2.46E-01  -0.308  2.706  0.03 
ZnII	2026  	2026.1370     	4.07E+08  5.01E-01   0.001  3.007  0.03 
