1215.6702      H I	0.416E+00     0          0     0
1025.7223      H I	0.791E-01     0          0     0
 972.5368      H I	0.290E-01     0          0     0
 949.7431      H I	0.139E-01     0          0     0
 937.8035      H I	0.780E-02     0          0     0
 930.7483      H I	0.482E-02     0          0     0
 926.2257      H I	0.318E-02     0          0     0
 923.1504      H I	0.222E-02     0          0     0
 920.9631      H I	0.161E-02     0          0     0
 919.3514      H I	0.120E-02     0          0     0
 918.1294      H I	0.921E-03     0          0     0
 917.1806      H I	0.723E-03     0          0     0
 916.4290      H I	0.577E-03     0          0     0
 915.8240      H I	0.469E-03     0          0     0
 915.3290      H I	0.386E-03     0          0     0
 914.9190      H I	0.321E-03     0          0     0
 914.5760      H I	0.270E-03     0          0     0
 914.2860      H I	0.230E-03     0          0     0
 914.0390      H I	0.197E-03     0          0     0
 913.8260      H I	0.170E-03     0          0     0
 913.6410      H I	0.148E-03     0          0     0
 913.4800      H I	0.129E-03     0          0     0
 913.3391      H I	0.114E-03     0          0     0
 913.2150      H I	0.101E-03     0          0     0
 913.1039      H I	0.893E-04     0          0     0
 913.0060      H I	0.797E-04     0          0     0
 912.9180      H I	0.714E-04     0          0     0
 912.8391      H I	0.643E-04     0          0     0
 912.7680      H I	0.581E-04     0          0     0
 912.7030      H I	0.526E-04     0          0     0
 912.6450      H I	0.478E-04     0          0     0
 912.5920      H I	0.436E-04     0          0     0
 912.5430      H I	0.399E-04     0          0     0
 912.4990      H I	0.365E-04     0          0     0
 912.4580      H I	0.336E-04     0          0     0
 912.4200      H I	0.309E-04     0          0     0
 912.3850      H I	0.285E-04     0          0     0
 912.3530      H I	0.264E-04     0          0     0
 912.3240      H I	0.245E-04     0          0     0
 912.2960      H I	0.226E-04     0          0     0
 912.2710      H I	0.211E-04     0          0     0
 912.2470      H I	0.196E-04     0          0     0
 912.2250      H I	0.183E-04     0          0     0
 912.2040      H I	0.171E-04     0          0     0
 912.1850      H I	0.160E-04     0          0     0
 912.1660      H I	0.150E-04     0          0     0
 912.1490      H I	0.141E-04     0          0     0
 912.1330      H I	0.133E-04     0          0     0
 912.1180      H I	0.125E-04     0          0     0
 912.1040      H I	0.118E-04     0          0     0
 912.0910      H I	0.111E-04     0          0     0
 912.0780      H I	0.105E-04     0          0     0
 912.0660      H I	0.991E-05     0          0     0
 912.0550      H I	0.937E-05     0          0     0
 912.0440      H I	0.889E-05     0          0     0
 912.0340      H I	0.843E-05     0          0     0
 912.0250      H I	0.800E-05     0          0     0
 912.0160      H I	0.760E-05     0          0     0
 912.0070      H I      0.723E-05     0          0     0
 911.9990      H I      0.687E-05     0          0     0
 911.9910      H I      0.655E-05     0          0     0
 911.9830      H I      0.624E-05     0          0     0
 911.9760      H I      0.596E-05     0          0     0
 911.9690      H I      0.568E-05     0          0     0
 911.9630      H I      0.542E-05     0          0     0
 911.9570      H I      0.519E-05     0          0     0
 911.9510      H I      0.497E-05     0          0     0
 911.9450      H I      0.474E-05     0          0     0
 911.9400      H I      0.455E-05     0          0     0
 911.9340      H I      0.435E-05     0          0     0
 911.9290      H I      0.418E-05     0          0     0
 911.9250      H I      0.401E-05     0          0     0
 911.9200      H I      0.385E-05     0          0     0
 911.9160      H I      0.370E-05     0          0     0
 911.9110      H I      0.356E-05     0          0     0
 911.9070      H I      0.342E-05     0          0     0
 911.9030      H I      0.329E-05     0          0     0
 911.9000      H I      0.316E-05     0          0     0
 911.8960      H I      0.305E-05     0          0     0
 911.7633      H I      0.630E-17     0          0     0
 1215.339      D I      0.416E+00     0          0     0
 1025.443      D I      0.791E-01     0          0     0
  972.272      D I      0.290E-01     0          0     0
  949.485      D I      0.139E-01     0          0     0
  937.548      D I      0.780E-02     0          0     0
  930.495      D I      0.482E-02     0          0     0
  925.974      D I      0.318E-02     0          0     0
  922.899      D I      0.222E-02     0          0     0
  920.713      D I      0.161E-02     0          0     0
 1036.337     C II      1.180E-01     4.848      0     0
  903.620     C II      0.336E+00     0          0     0
 1037.018    C II*      0.118E+00     0.         0.    0.
  977.020    C III      7.620E-01     6.613      0     0
 1160.937      N I      2.410E-06    -5.879      0     0
 1159.817      N I      8.510E-06    -4.618      0     0
 1134.980      N I      0.435E-01     3.821      0     0
 1134.415      N I      0.297E-01     3.416      0     0
 1134.165      N I      0.152E-01     2.723      0     0
 1003.377      N I      3.388E-07    -7.987      0     0
 1003.372      N I      4.886E-08    -9.923      0     0
  965.041      N I      0.402E-02     0          0     0
  964.626      N I      0.943E-02     0          0     0
  963.990      N I      0.148E-01     0          0     0
  960.201      N I      0.133E-05     0          0     0
  959.494      N I      0.498E-04     0          0     0
  955.882      N I      0.588E-04     0          0     0
  955.529      N I      0.172E-04     0          0     0
  955.437      N I      0.116E-05     0          0     0
  955.264      N I      0.503E-04     0          0     0
  954.104      N I      0.676E-02     0          0     0
  953.970      N I      0.348E-01     0          0     0
  953.655      N I      0.250E-01     0          0     0
  953.415      N I      0.132E-01     0          0     0
  952.523      N I      0.600E-03     0          0     0
  952.415      N I      0.170E-02     0          0     0
  952.303      N I      0.187E-02     0          0     0
  951.295      N I      0.180E-04     0          0     0
  951.079      N I      0.129E-03     0          0     0
  910.646      N I      0.222E-02     0          0     0
  910.279      N I      0.445E-02     0          0     0
  909.698      N I      0.667E-02     0          0     0
  906.206      N I      0.557E-02     0          0     0
  906.617      N I      0.167E-01     0          0     0
  906.433      N I      0.112E-01     0          0     0
 1083.994     N II      1.150E-01     4.716      0     0
  915.613     N II      1.650E-01     4.888      0     0
  989.799    N III      0.123E+00     4.659      0     0
  991.577   N III*      0.120E+00     4.659      0     0
 1355.598      O I      0.116E-05     0          0     0
 1302.169      O I      0.519E-01     0          0     0
 1039.230      O I      0.920E-02     0          0     0
  988.773      O I      0.465E-01     0          0     0
  988.655      O I      0.830E-02     0          0     0
  988.578      O I      0.553E-03     0          0     0
  976.448      O I      0.331E-02     0          0     0
  974.070      O I      0.156E-04     0          0     0
  971.738      O I      0.116E-01     0          0     0
  950.885      O I      0.158E-02     0          0     0
  948.686      O I      0.631E-02     0          0     0
  937.841      O I      0.877E-03     0          0     0
  936.630      O I      0.365E-02     0          0     0
  930.257      O I      0.537E-03     0          0     0
  929.517      O I      2.290E-03     0          0     0
  925.446      O I      0.350E-03     0          0     0
  924.950      O I      1.540E-03     0          0     0
  922.200      O I      0.245E-03     0          0     0
  921.857      O I      0.119E-02     0          0     0
  919.917      O I      0.178E-03     0          0     0
  919.658      O I      9.480E-04     0          0     0
  832.757     O II	0.444E-01     0          0     0
  833.329     O II	0.886E-01     0	  	 0     0
  834.466     O II	0.132E+00     0          0     0
  832.927    O III      0.927E+00     0 	 0     0
 1037.617     O VI      0.658E-01     4.228      0     0
 1031.926     O VI      0.132E+00     4.921      0     0
  770.409   Ne VIII     0.103E+00     0          0     0
  780.324   Ne VIII     0.505E-01     0          0     0
 1190.416    Si II      0.293E+00     2.474    116    47
 1193.290    Si II      0.585E+00     2.775    116    47
 1260.422    Si II      0.118E+01     3.148    109    45   
 1304.370    Si II      0.917E-01     2.086    106    43   
 1526.707    Si II      0.132E-00     2.246     90    37   
 1020.699    Si II      0.164E-01     0          0     0
  989.873    Si II      0.187E+00     0          0     0
 1206.500   Si III      1.669E+00     3.304    114    47
 1294.540  Si III*      0.000E+00     0.000    106    43
 1393.755    Si IV      5.140E-01     2.855     99    40
 1402.770    Si IV      2.553E-01     2.554     98    40
 1152.818     P II      0.245E+00     0          0     0
  998.000    P III      0.112E+00     0          0     0
 1042.779     Cl I      0.250E-01     0          0     0
 1031.507     Cl I      0.151E+00     0  	 0     0
 1007.363     Cl I      0.109E-01     0          0     0
 1004.678     Cl I      0.158E+00     0          0     0
 1066.660     Ar I      6.750E-02     0          0     0
 1048.220     Ar I      0.263E+00     0          0     0
  919.781    Ar II      0.887E-02     0          0     0
 1144.938    Fe II      0.106E+00     0          0     0
 1143.226    Fe II      0.177E-01     0          0     0
 1142.366    Fe II      0.420E-02     0          0     0
 1133.665    Fe II      0.552E-02     0          0     0
 1127.098    Fe II      0.282E-02     0          0     0
 1125.448    Fe II      0.160E-01     0          0     0
 1121.975    Fe II      0.202E-01     0          0     0
 1112.048    Fe II      0.620E-02     0          0     0
 1110.280    Fe II      0.165E-03     0          0     0
 1108.504    Fe II      0.448E-04     0          0     0
 1106.360    Fe II      0.394E-03     0          0     0
 1096.877    FeII       0.320E-01     0          0     0
 1063.176    FeII       0.547E-01     0          0     0
 1062.151    FeII       0.291E-02     0 	 0     0
 1061.685    FeII       0.423E-04     0 	 0     0
 1055.262    FeII       0.750E-02     0          0     0
 1016.349    FeII	0.170E-04     0 	 0     0
 1014.859    FeII	0.269E-04     0 	 0     0
 1014.233    FeII	0.216E-03     0 	 0     0
 1122.524   Fe III      0.544E-01     0          0     0
 1260.735     C I       3.937E-02     1.696    109    45
 1260.927     C I*      1.312E-02     1.219    109    45
 1260.996     C I*      9.840E-03     1.094    109    45
 1261.122     C I*      1.640E-02     1.316    109    45
 1261.426     C I**     9.837E-03     1.094    109    45
 1261.552     C I**     2.951E-02     1.571    109    45
 1280.135     C I       2.432E-02     1.493    108    44
 1270.143     C I       3.883E-04    -0.307      0     0
 1276.482     C I       4.502E-03     0.759      0     0
 1276.750     C I*      2.869E-03     0.564      0     0
 1277.190     C I**     3.406E-04    -0.362      0     0
 1277.245     C I       9.665E-02     2.091      0     0
 1277.282     C I*      7.249E-02     1.967      0     0
 1277.513     C I*      2.416E-02     1.489      0     0
 1277.550     C I**     8.117E-02     2.016      0     0
 1277.723     C I**     1.449E-02     1.268      0     0
 1277.954     C I**     9.668E-04     0.092      0     0
 1328.833     C I       5.804E-02     1.887    104    42
 1560.309     C I       8.041E-02     2.099     88    36
 1656.928     C I       1.405E-01     2.367     83    34
 1279.056     C I*      1.783E-03     0.358    108    44
 1279.890     C I*      1.367E-02     1.243    108    44
 1280.404     C I*      4.384E-03     0.749    108    44
 1280.597     C I*      6.837E-03     0.942    108    44
 1329.085     C I*      1.934E-02     1.410    104    42
 1329.100     C I*      2.418E-02     1.507    104    42
 1329.123     C I*      1.451E-02     1.285    104    42
 1560.682     C I*      6.030E-02     1.974     88    36
 1560.709     C I*      2.010E-02     1.496     88    36
 1656.267     C I*      5.857E-02     1.987     83    34
 1657.008     C I*      1.054E-01     2.242     83    34
 1657.379     C I*      3.512E-02     1.765     83    34
 1657.907     C I*      4.681E-02     1.890     83    34
 1277.954     C I**     9.668E-04     0.092    108    44
 1279.229     C I**     4.492E-03     0.759    108    44
 1279.498     C I**     7.012E-04    -0.047    108    44
 1280.333     C I**     1.466E-02     1.273    108    44
 1280.847     C I**     5.047E-03     0.811    108    44
 1329.578     C I**     4.351E-02     1.762    104    42
 1329.600     C I**     1.450E-02     1.285    104    42
 1561.340     C I**     1.205E-02     1.275     88    36
 1561.367     C I**     8.042E-04     0.099     88    36
 1561.438     C I**     6.750E-02     2.023     88    36
 1658.121     C I**     3.511E-02     1.765     83    34
 1334.532     C II      1.278E-01     2.232    103    42
 1335.708     C II*     1.280E-01     2.186    103    42
 1548.195     C IV      1.908E-01     2.470     89    36
 1550.770     C IV      9.522E-02     2.169     89    36
 1199.550     N I       1.328E-01     2.202    115    47
 1200.223     N I       8.849E-02     2.026    115    47
 1200.710     N I       4.423E-02     1.725    115    47
 1238.821     N V       1.570E-01     2.289    111    45
 1242.804     N V       7.823E-02     1.988    111    45
 1302.168     O I       4.887E-02     1.804    106    43
 1355.598     O I       1.248E-06    -2.772    102    41
 1304.858     O I*      4.877E-02     1.804    105    43
 1306.029     O I**     4.873E-02     1.804    105    43
 1827.935     MG I      2.450E-02     1.651     76    31
 2026.477     MG I      1.154E-01     2.369     68    28
 2852.964     MG I      1.830E+00     3.718     81    20
 1239.925     MG II     6.400E-04    -0.100    111    45    Fitz 1998 f-value  
 1240.395     MG II     3.200E-04    -0.375    111    45    Fitz 1998 f-value
 2796.352     MG II     6.123E-01     3.234     83    20
 2803.531     MG II     3.054E-01     2.933     83    20
 1670.787     AL II     1.833E+00     3.486     83    34
 1854.716     AL III    5.602E-01     3.017     74    30
 1862.790     AL III    2.789E-01     2.716     74    30
 1301.874     P II      1.725E-02     1.351    106    43
 1532.533     P II      7.610E-03     1.067     90    37
 1334.813     P III     2.529E-02     1.528    103    42
 1295.653     S I       1.233E-01     2.204    106    43
 1425.030     S I       1.918E-01     2.437     97    39
 1473.994     S I       7.296E-02     2.032     94    38
 1807.311     S I       1.105E-01     2.301     76    31
 1250.584     S II      5.453E-03     0.834    110    45
 1253.811     S II      1.088E-02     1.135    110    45
 1259.519     S II      1.624E-02     1.311    110    45
 1190.208     S III     2.217E-02     1.421    116    47
 1012.495     S III     0.443E-01     1.421    116    47
  933.378     S VI      0.4370E+00     0          0     0
  944.523     S VI      0.2150E+00     0          0     0
 1347.240     CL I      1.186E-01     2.203    102    42
 1235.83      KR I      1.871E-01     2.364    111    45
 3383.768     TI II     3.401E-01     3.061     00    00
 2056.254     CR II     1.052E-01     2.335     67    27   Lawler f-value
 2062.234     CR II     7.796E-02     2.206     67    27   Lawler f-value
 2066.161     CR II     5.150E-02     2.027     67    27   Lawler f-value
 1197.184     MN II     1.566E-01     2.273    115    47
 1199.391     MN II     1.059E-01     2.104    115    47
 1201.118     MN II     8.809E-02     2.024    115    47
 2576.877     MN II     3.508E-01     2.956     90    22
 2594.499     MN II     2.710E-01     2.847     89    22
 2606.462     MN II     1.927E-01     2.701     89    22
 1260.533     FE II     2.500E-02     1.499    109    45
 1608.451     FE II     0.580E-01     1.998     86    35   Card. & Sav. 95 
 1611.200     FE II     1.020E-03     0          0     0    
 2249.877     FE II     1.820E-03     0.612    103    25   Card. & Sav. 95 
 2260.780     FE II     2.440E-03     0.742    102    25   Card. & Sav. 95 
 2344.214     FE II     1.097E-01     2.410     99    24   Card. & Sav. 95 
 2367.590     FE II     6.280E-05    -0.828     98    24   Card. & Sav. 95 
 2374.461     FE II     3.260E-02     1.889     97    24   Card. & Sav. 95 
 2382.765     FE II     3.000E-01     2.855     97    23   Card. & Sav. 95 
 2586.650     FE II     6.840E-02     2.248     89    22   Card. & Sav. 95 
 2600.173     FE II     2.130E-01     2.743     89    22   Card. & Sav. 95 
 1317.217     NI II     1.458E-01     2.284    105    43
 1370.132     NI II     1.309E-01     2.254    100    41
 1393.324     NI II     2.222E-02     1.491     99    40
 1412.886     NI II     6.650E-03     0.973      0     0
 1454.842     NI II     5.954E-02     1.938     95    39
 1467.259     NI II     1.111E-02     1.212     94    38
 1467.756     NI II     2.269E-02     1.523     94    38
 1502.148     NI II     1.330E-02     1.301     92    37
 1703.405     NI II     1.224E-02     1.319     81    33
 1709.600     NI II     6.884E-02     2.071     81    33
 1741.549     NI II     1.035E-01     2.256     79    32
 1751.910     NI II     6.380E-02     2.048     79    32
 1804.473     NI II     7.159E-03     1.111     76    31
 1358.773     CU II     3.803E-01     2.713    101    41
 2026.136     ZN II     4.886E-01     2.996     68    28    Lawler f value
 2062.664     ZN II     2.564E-01     2.723     67    27    Lawler f value
 1414.402     GA II     1.799E+00     3.406     97    40
 1237.059     GE II     8.756E-01     1.035    112    45
 3933.663     CA II     6.346E-01     3.397     00    57	
 3968.468     CA II     3.145E-01     3.096     00    57
 5889.951     NA I      6.311E-01     3.570     00    38
 5895.924     NA I      3.180E-01     3.273     00    38
 5875.618     HE I*     0.000E+00     0.000     00    38
 0000.000     XXXX      0.000E+00     0.000     00    00
--------------------------------------------------------------------------
All wavelengths and f-values from Morton (1991) unless otherwise 
indicated.

 1239.925     MG II     1.250E-03     0.190    111    45    Sofia f-value   
 1240.395     MG II     6.250E-04    -0.110    111    45    Sofia f-value

  911.967     H2_P(1)   1.315e-03     0.079     00    00    Abgrall1993
  912.186     H2_P(5)   6.844e-04    -0.205     00    00    Abgrall1993
  912.235     H2_R(4)   2.472e-03     0.353     00    00    Abgrall1993
  912.950     H2_R(2)   2.015e-03     0.265     00    00    Abgrall1993
  913.605     H2_P(4)   1.162e-03     0.026     00    00    Abgrall1993
  913.769     H2_P(2)   1.613e-03     0.168     00    00    Abgrall1993
  914.396     H2_R(0)   2.424e-02     1.346     00    00    Abgrall1993
  914.606     H2_R(1)   1.152e-02     1.023     00    00    Abgrall1993
  915.212     H2_R(3)   1.349e-03     0.092     00    00    Abgrall1993
  915.400     H2_Q(1)   1.301e-02     1.076     00    00    Abgrall1993
  915.427     H2_R(2)   9.090e-03     0.920     00    00    Abgrall1993
  916.101     H2_R(5)   2.375e-03     0.338     00    00    Abgrall1993
  916.382     H2_P(3)   1.824e-03     0.223     00    00    Abgrall1993
  916.615     H2_Q(2)   1.304e-02     1.077     00    00    Abgrall1993
  916.875     H2_R(3)   8.557e-03     0.895     00    00    Abgrall1993
  917.250     H2_R(0)   6.172e-03     0.753     00    00    Abgrall1993
  917.368     H2_P(2)   2.949e-03     0.432     00    00    Abgrall1993
  917.783     H2_P(5)   1.188e-03     0.038     00    00    Abgrall1993
  917.920     H2_R(1)   4.427e-03     0.609     00    00    Abgrall1993
  918.151     H2_R(4)   4.554e-05    -1.379     00    00    Abgrall1993
  918.412     H2_P(1)   1.609e-03     0.170     00    00    Abgrall1993
  918.430     H2_Q(3)   1.308e-02     1.080     00    00    Abgrall1993
  919.048     H2_R(4)   9.295e-03     0.932     00    00    Abgrall1993
  919.416     H2_R(2)   4.166e-03     0.583     00    00    Abgrall1993
  919.543     H2_P(3)   4.337e-03     0.601     00    00    Abgrall1993
  919.789     H2_P(4)   2.133e-03     0.293     00    00    Abgrall1993
  920.241     H2_P(2)   1.683e-03     0.190     00    00    Abgrall1993
  920.720     H2_R(6)   2.150e-03     0.297     00    00    Abgrall1993
  920.834     H2_Q(4)   1.312e-02     1.082     00    00    Abgrall1993
  921.220     H2_R(5)   2.469e-03     0.357     00    00    Abgrall1993
  921.730     H2_R(3)   4.068e-03     0.574     00    00    Abgrall1993
  922.303     H2_P(4)   5.017e-03     0.665     00    00    Abgrall1993
  922.473     H2_R(5)   6.667e-03     0.789     00    00    Abgrall1993
  922.723     H2_P(6)   1.265e-03     0.067     00    00    Abgrall1993
  922.977     H2_P(3)   1.643e-03     0.181     00    00    Abgrall1993
  923.816     H2_Q(5)   1.318e-02     1.086     00    00    Abgrall1993
  923.962     H2_P(5)   2.865e-03     0.423     00    00    Abgrall1993
  923.982     H2_R(0)   6.167e-03     0.756     00    00    Abgrall1993
  924.849     H2_R(1)   4.000e-03     0.568     00    00    Abgrall1993
  924.849     H2_R(4)   4.000e-03     0.568     00    00    Abgrall1993
  925.173     H2_P(1)   1.966e-03     0.260     00    00    Abgrall1993
  925.657     H2_P(5)   4.952e-03     0.661     00    00    Abgrall1993
  926.056     H2_R(7)   1.524e-03     0.150     00    00    Abgrall1993
  926.129     H2_R(2)   3.701e-03     0.535     00    00    Abgrall1993
  926.352     H2_P(4)   1.574e-03     0.164     00    00    Abgrall1993
  927.017     H2_P(2)   2.326e-03     0.334     00    00    Abgrall1993
  927.050     H2_R(6)   4.989e-03     0.665     00    00    Abgrall1993
  928.411     H2_P(7)   1.426e-03     0.122     00    00    Abgrall1993
  928.436     H2_R(3)   3.303e-03     0.487     00    00    Abgrall1993
  928.760     H2_R(5)   3.914e-03     0.561     00    00    Abgrall1993
  928.776     H2_P(6)   5.622e-03     0.718     00    00    Abgrall1993
  929.532     H2_R(0)   3.419e-02     1.502     00    00    Abgrall1993
  929.687     H2_P(3)   2.507e-03     0.367     00    00    Abgrall1993
  929.688     H2_R(1)   1.569e-02     1.164     00    00    Abgrall1993
  930.446     H2_R(2)   1.205e-02     1.050     00    00    Abgrall1993
  930.577     H2_Q(1)   1.942e-02     1.257     00    00    Abgrall1993
  930.605     H2_P(5)   1.583e-03     0.168     00    00    Abgrall1993
  931.060     H2_R(0)   1.068e-02     0.998     00    00    Abgrall1993
  931.536     H2_R(4)   2.531e-03     0.372     00    00    Abgrall1993
  931.730     H2_R(1)   7.536e-03     0.846     00    00    Abgrall1993
  931.780     H2_Q(2)   1.945e-02     1.258     00    00    Abgrall1993
  931.811     H2_R(3)   1.079e-02     1.002     00    00    Abgrall1993
  932.265     H2_P(1)   2.397e-03     0.349     00    00    Abgrall1993
  932.443     H2_R(7)   4.435e-03     0.617     00    00    Abgrall1993
  932.604     H2_P(2)   4.775e-03     0.649     00    00    Abgrall1993
  933.167     H2_P(4)   2.709e-03     0.403     00    00    Abgrall1993
  933.237     H2_R(2)   6.886e-03     0.808     00    00    Abgrall1993
  933.442     H2_R(6)   3.758e-03     0.545     00    00    Abgrall1993
  933.578     H2_Q(3)   1.948e-02     1.260     00    00    Abgrall1993
  933.788     H2_R(4)   1.077e-02     1.002     00    00    Abgrall1993
  934.141     H2_P(2)   2.237e-03     0.320     00    00    Abgrall1993
  934.789     H2_P(3)   7.091e-03     0.821     00    00    Abgrall1993
  934.956     H2_P(7)   4.660e-06    -2.361     00    00    Abgrall1993
  935.323     H2_R(5)   4.604e-04    -0.366     00    00    Abgrall1993
  935.573     H2_R(3)   6.572e-03     0.789     00    00    Abgrall1993
  935.630     H2_P(6)   1.654e-03     0.190     00    00    Abgrall1993
  935.958     H2_Q(4)   1.954e-02     1.262     00    00    Abgrall1993
  936.463     H2_R(5)   1.249e-02     1.068     00    00    Abgrall1993
  936.854     H2_P(3)   2.047e-03     0.283     00    00    Abgrall1993
  937.441     H2_P(5)   3.081e-03     0.461     00    00    Abgrall1993
  937.551     H2_P(4)   8.370e-03     0.895     00    00    Abgrall1993
  938.465     H2_R(0)   9.507e-03     0.950     00    00    Abgrall1993
  938.726     H2_R(4)   6.378e-03     0.777     00    00    Abgrall1993
  938.874     H2_R(7)   3.391e-03     0.503     00    00    Abgrall1993
  938.909     H2_Q(5)   1.960e-02     1.265     00    00    Abgrall1993
  939.122     H2_R(1)   6.558e-03     0.789     00    00    Abgrall1993
  939.706     H2_P(1)   2.913e-03     0.437     00    00    Abgrall1993
  940.384     H2_P(4)   1.991e-03     0.272     00    00    Abgrall1993
  940.489     H2_R(6)   9.942e-03     0.971     00    00    Abgrall1993
  940.623     H2_R(2)   6.028e-03     0.754     00    00    Abgrall1993
  940.882     H2_P(5)   8.978e-03     0.927     00    00    Abgrall1993
  941.415     H2_P(7)   1.800e-03     0.229     00    00    Abgrall1993
  941.596     H2_P(2)   3.367e-03     0.501     00    00    Abgrall1993
  942.475     H2_P(6)   4.004e-03     0.577     00    00    Abgrall1993
  942.685     H2_R(5)   6.238e-03     0.769     00    00    Abgrall1993
  942.958     H2_R(3)   5.587e-03     0.722     00    00    Abgrall1993
  944.328     H2_P(3)   3.524e-03     0.522     00    00    Abgrall1993
  944.718     H2_P(5)   2.030e-03     0.283     00    00    Abgrall1993
  945.865     H2_R(7)   7.401e-03     0.845     00    00    Abgrall1993
  946.120     H2_R(4)   5.336e-03     0.703     00    00    Abgrall1993
  946.168     H2_R(0)   1.229e-03     0.066     00    00    Abgrall1993
  946.384     H2_R(1)   1.282e-02     1.084     00    00    Abgrall1993
  946.423     H2_R(0)   6.204e-02     1.769     00    00    Abgrall1993
  946.978     H2_R(1)   1.972e-02     1.271     00    00    Abgrall1993
  947.111     H2_R(2)   1.332e-02     1.101     00    00    Abgrall1993
  947.421     H2_Q(1)   2.744e-02     1.415     00    00    Abgrall1993
  947.429     H2_R(6)   6.093e-03     0.761     00    00    Abgrall1993
  947.513     H2_P(1)   3.522e-03     0.523     00    00    Abgrall1993
  947.885     H2_P(4)   3.653e-03     0.539     00    00    Abgrall1993
  948.159     H2_P(7)   7.685e-03     0.863     00    00    Abgrall1993
  948.419     H2_R(3)   1.280e-02     1.084     00    00    Abgrall1993
  948.468     H2_R(2)   1.296e-02     1.090     00    00    Abgrall1993
  948.615     H2_Q(2)   2.747e-02     1.416     00    00    Abgrall1993
  949.351     H2_P(2)   9.250e-03     0.944     00    00    Abgrall1993
  949.608     H2_P(2)   9.304e-04    -0.054     00    00    Abgrall1993
  949.836     H2_P(6)   2.134e-03     0.307     00    00    Abgrall1993
  950.072     H2_R(5)   4.371e-03     0.618     00    00    Abgrall1993
  950.314     H2_R(4)   1.262e-02     1.079     00    00    Abgrall1993
  950.397     H2_Q(3)   2.750e-02     1.417     00    00    Abgrall1993
  950.816     H2_R(3)   1.093e-02     1.017     00    00    Abgrall1993
  951.672     H2_P(3)   1.268e-02     1.082     00    00    Abgrall1993
  952.252     H2_P(5)   3.877e-03     0.567     00    00    Abgrall1993
  952.271     H2_P(3)   6.464e-04    -0.211     00    00    Abgrall1993
  952.757     H2_Q(4)   2.756e-02     1.419     00    00    Abgrall1993
  952.805     H2_R(5)   1.326e-02     1.102     00    00    Abgrall1993
  952.943     H2_R(7)   5.854e-03     0.747     00    00    Abgrall1993
  954.002     H2_R(4)   1.006e-02     0.982     00    00    Abgrall1993
  954.411     H2_R(0)   1.416e-02     1.131     00    00    Abgrall1993
  954.473     H2_P(4)   1.354e-02     1.111     00    00    Abgrall1993
  954.700     H2_R(6)   1.154e-03     0.042     00    00    Abgrall1993
  955.064     H2_R(1)   9.880e-03     0.975     00    00    Abgrall1993
  955.681     H2_Q(5)   2.763e-02     1.422     00    00    Abgrall1993
  955.708     H2_P(1)   4.227e-03     0.606     00    00    Abgrall1993
  955.725     H2_P(7)   2.305e-03     0.343     00    00    Abgrall1993
  955.851     H2_P(4)   1.685e-03     0.207     00    00    Abgrall1993
  956.578     H2_R(2)   9.211e-03     0.945     00    00    Abgrall1993
  957.406     H2_P(6)   4.351e-03     0.620     00    00    Abgrall1993
  957.650     H2_P(2)   4.807e-03     0.663     00    00    Abgrall1993
  957.818     H2_P(5)   1.422e-02     1.134     00    00    Abgrall1993
  958.009     H2_R(5)   9.618e-03     0.964     00    00    Abgrall1993
  958.945     H2_R(3)   8.967e-03     0.934     00    00    Abgrall1993
  960.263     H2_P(5)   2.241e-03     0.333     00    00    Abgrall1993
  960.449     H2_P(3)   4.932e-03     0.675     00    00    Abgrall1993
  960.697     H2_R(7)   1.364e-02     1.117     00    00    Abgrall1993
  962.151     H2_R(4)   8.753e-03     0.925     00    00    Abgrall1993
  962.818     H2_R(6)   9.359e-03     0.955     00    00    Abgrall1993
  962.976     H2_R(0)   1.316e-02     1.103     00    00    Abgrall1993
  963.318     H2_P(7)   5.577e-03     0.730     00    00    Abgrall1993
  963.607     H2_R(1)   7.079e-03     0.834     00    00    Abgrall1993
  964.089     H2_P(4)   4.984e-03     0.682     00    00    Abgrall1993
  964.310     H2_P(1)   5.028e-03     0.686     00    00    Abgrall1993
  964.981     H2_R(0)   6.860e-02     1.821     00    00    Abgrall1993
  965.045     H2_R(2)   1.595e-03     0.187     00    00    Abgrall1993
  965.062     H2_R(1)   3.495e-02     1.528     00    00    Abgrall1993
  965.478     H2_P(6)   2.612e-03     0.402     00    00    Abgrall1993
  965.791     H2_R(2)   3.224e-02     1.493     00    00    Abgrall1993
  966.094     H2_Q(1)   3.498e-02     1.529     00    00    Abgrall1993
  966.179     H2_R(5)   8.326e-03     0.905     00    00    Abgrall1993
  966.273     H2_P(2)   6.496e-03     0.798     00    00    Abgrall1993
  966.779     H2_R(3)   7.565e-03     0.864     00    00    Abgrall1993
  967.278     H2_Q(2)   3.500e-02     1.530     00    00    Abgrall1993
  967.673     H2_R(3)   2.278e-02     1.343     00    00    Abgrall1993
  968.292     H2_P(2)   7.229e-03     0.845     00    00    Abgrall1993
  968.413     H2_R(7)   9.143e-03     0.947     00    00    Abgrall1993
  968.555     H2_P(5)   5.096e-03     0.693     00    00    Abgrall1993
  968.664     H2_R(4)   1.260e-02     1.087     00    00    Abgrall1993
  969.047     H2_Q(3)   3.504e-02     1.531     00    00    Abgrall1993
  969.088     H2_P(3)   8.157e-03     0.898     00    00    Abgrall1993
  970.560     H2_P(3)   9.747e-03     0.976     00    00    Abgrall1993
  970.835     H2_R(4)   1.604e-02     1.192     00    00    Abgrall1993
  970.996     H2_R(6)   7.118e-03     0.840     00    00    Abgrall1993
  971.074     H2_R(5)   1.379e-02     1.127     00    00    Abgrall1993
  971.387     H2_Q(4)   3.510e-02     1.533     00    00    Abgrall1993
  971.479     H2_P(7)   2.928e-03     0.454     00    00    Abgrall1993
  971.985     H2_R(0)   2.004e-02     1.290     00    00    Abgrall1993
  972.632     H2_R(1)   1.405e-02     1.136     00    00    Abgrall1993
  972.690     H2_P(4)   1.355e-02     1.120     00    00    Abgrall1993
  973.344     H2_P(1)   5.899e-03     0.759     00    00    Abgrall1993
  973.448     H2_P(4)   6.950e-03     0.830     00    00    Abgrall1993
  973.825     H2_P(6)   5.362e-03     0.718     00    00    Abgrall1993
  974.156     H2_R(2)   1.315e-02     1.108     00    00    Abgrall1993
  974.286     H2_Q(5)   3.516e-02     1.535     00    00    Abgrall1993
  974.884     H2_R(5)   1.424e-02     1.142     00    00    Abgrall1993
  975.344     H2_P(2)   6.644e-03     0.812     00    00    Abgrall1993
  976.470     H2_R(7)   1.934e-03     0.276     00    00    Abgrall1993
  976.551     H2_R(3)   1.290e-02     1.100     00    00    Abgrall1993
  976.548     H2_P(5)   2.190e-02     1.330     00    00    Abgrall1993
  977.460     H2_P(5)   3.594e-04    -0.454     00    00    Abgrall1993
  978.217     H2_P(3)   6.735e-03     0.819     00    00    Abgrall1993
  979.759     H2_R(6)   1.352e-02     1.122     00    00    Abgrall1993
  979.803     H2_R(4)   1.278e-02     1.098     00    00    Abgrall1993
  979.882     H2_P(7)   5.958e-03     0.766     00    00    Abgrall1993
  981.437     H2_R(0)   2.069e-02     1.308     00    00    Abgrall1993
  981.947     H2_P(4)   6.708e-03     0.819     00    00    Abgrall1993
  982.073     H2_R(1)   1.364e-02     1.127     00    00    Abgrall1993
  982.722     H2_P(6)   2.571e-03     0.403     00    00    Abgrall1993
  982.835     H2_P(1)   6.811e-03     0.826     00    00    Abgrall1993
  983.589     H2_R(2)   1.157e-02     1.056     00    00    Abgrall1993
  983.897     H2_R(5)   1.262e-02     1.094     00    00    Abgrall1993
  984.862     H2_P(2)   8.170e-03     0.906     00    00    Abgrall1993
  985.439     H2_R(7)   1.317e-02     1.113     00    00    Abgrall1993
  985.631     H2_R(0)   6.890e-02     1.832     00    00    Abgrall1993
  985.642     H2_R(1)   3.301e-02     1.512     00    00    Abgrall1993
  985.962     H2_R(3)   8.278e-03     0.912     00    00    Abgrall1993
  986.241     H2_R(2)   2.619e-02     1.412     00    00    Abgrall1993
  986.519     H2_P(5)   6.716e-03     0.821     00    00    Abgrall1993
  986.796     H2_Q(1)   3.647e-02     1.556     00    00    Abgrall1993
  987.445     H2_R(3)   2.565e-02     1.404     00    00    Abgrall1993
  987.767     H2_P(3)   8.927e-03     0.945     00    00    Abgrall1993
  987.972     H2_Q(2)   3.650e-02     1.557     00    00    Abgrall1993
  988.811     H2_R(6)   1.222e-02     1.082     00    00    Abgrall1993
  988.836     H2_P(7)   3.579e-03     0.549     00    00    Abgrall1993
  988.871     H2_R(4)   8.645e-04    -0.068     00    00    Abgrall1993
  989.086     H2_P(2)   8.109e-03     0.904     00    00    Abgrall1993
  989.553     H2_R(4)   3.108e-02     1.488     00    00    Abgrall1993
  989.728     H2_Q(3)   3.652e-02     1.558     00    00    Abgrall1993
  991.370     H2_R(5)   1.075e-02     1.028     00    00    Abgrall1993
  991.376     H2_R(0)   2.612e-02     1.413     00    00    Abgrall1993
  991.378     H2_P(3)   1.192e-02     1.073     00    00    Abgrall1993
  991.532     H2_P(4)   9.918e-03     0.993     00    00    Abgrall1993
  991.913     H2_P(6)   6.832e-03     0.831     00    00    Abgrall1993
  992.013     H2_R(1)   1.826e-02     1.258     00    00    Abgrall1993
  992.049     H2_Q(4)   3.656e-02     1.560     00    00    Abgrall1993
  992.808     H2_P(1)   7.699e-03     0.883     00    00    Abgrall1993
  993.490     H2_R(5)   2.016e-02     1.302     00    00    Abgrall1993
  993.547     H2_R(2)   1.704e-02     1.229     00    00    Abgrall1993
  994.227     H2_P(4)   1.377e-02     1.136     00    00    Abgrall1993
  994.517     H2_R(7)   1.087e-02     1.034     00    00    Abgrall1993
  994.871     H2_P(2)   8.658e-03     0.935     00    00    Abgrall1993
  994.924     H2_Q(5)   3.661e-02     1.561     00    00    Abgrall1993
  995.970     H2_R(3)   1.668e-02     1.220     00    00    Abgrall1993
  996.124     H2_P(5)   1.274e-02     1.103     00    00    Abgrall1993
  997.638     H2_P(5)   1.293e-02     1.111     00    00    Abgrall1993
  997.824     H2_P(3)   8.760e-03     0.942     00    00    Abgrall1993
  998.111     H2_P(7)   7.131e-03     0.852     00    00    Abgrall1993
  998.425     H2_R(6)   1.788e-02     1.252     00    00    Abgrall1993
  999.268     H2_R(4)   1.656e-02     1.219     00    00    Abgrall1993
 1001.652     H2_P(4)   8.691e-03     0.940     00    00    Abgrall1993
 1001.821     H2_R(0)   2.677e-02     1.428     00    00    Abgrall1993
 1001.906     H2_P(6)   2.647e-04    -0.576     00    00    Abgrall1993
 1002.449     H2_R(1)   1.823e-02     1.262     00    00    Abgrall1993
 1003.294     H2_P(1)   8.466e-03     0.929     00    00    Abgrall1993
 1003.426     H2_R(5)   1.650e-02     1.219     00    00    Abgrall1993
 1003.982     H2_R(2)   1.662e-02     1.222     00    00    Abgrall1993
 1004.194     H2_R(7)   1.712e-02     1.235     00    00    Abgrall1993
 1005.390     H2_P(2)   9.911e-03     0.998     00    00    Abgrall1993
 1006.340     H2_P(5)   8.632e-03     0.939     00    00    Abgrall1993
 1006.411     H2_R(3)   1.572e-02     1.199     00    00    Abgrall1993
 1007.985     H2_P(7)   3.739e-03     0.576     00    00    Abgrall1993
 1008.383     H2_P(3)   1.043e-02     1.022     00    00    Abgrall1993
 1008.425     H2_R(6)   1.641e-02     1.219     00    00    Abgrall1993
 1008.498     H2_R(1)   2.052e-02     1.316     00    00    Abgrall1993
 1008.552     H2_R(0)   4.395e-02     1.647     00    00    Abgrall1993
 1009.024     H2_R(2)   1.565e-02     1.198     00    00    Abgrall1993
 1009.715     H2_R(4)   1.411e-02     1.154     00    00    Abgrall1993
 1009.771     H2_Q(1)   2.380e-02     1.381     00    00    Abgrall1993
 1010.129     H2_R(3)   1.380e-02     1.144     00    00    Abgrall1993
 1010.938     H2_Q(2)   2.381e-02     1.381     00    00    Abgrall1993
 1011.812     H2_R(4)   1.395e-02     1.150     00    00    Abgrall1993
 1011.866     H2_P(6)   8.645e-03     0.942     00    00    Abgrall1993
 1012.169     H2_P(2)   5.510e-03     0.746     00    00    Abgrall1993
 1012.259     H2_P(4)   1.075e-02     1.037     00    00    Abgrall1993
 1012.680     H2_Q(3)   2.383e-02     1.383     00    00    Abgrall1993
 1012.810     H2_R(0)   2.970e-02     1.478     00    00    Abgrall1993
 1013.435     H2_R(1)   2.050e-02     1.318     00    00    Abgrall1993
 1013.706     H2_R(5)   1.184e-03     0.079     00    00    Abgrall1993
 1014.238     H2_R(5)   2.606e-02     1.422     00    00    Abgrall1993
 1014.249     H2_R(7)   1.615e-02     1.214     00    00    Abgrall1993
 1014.326     H2_P(1)   8.982e-03     0.960     00    00    Abgrall1993
 1014.504     H2_P(3)   8.278e-03     0.924     00    00    Abgrall1993
 1014.974     H2_R(2)   1.894e-02     1.284     00    00    Abgrall1993
 1014.982     H2_Q(4)   2.386e-02     1.384     00    00    Abgrall1993
 1016.458     H2_P(2)   1.023e-02     1.017     00    00    Abgrall1993
 1017.001     H2_P(5)   1.122e-02     1.057     00    00    Abgrall1993
 1017.385     H2_P(4)   9.946e-03     1.005     00    00    Abgrall1993
 1017.422     H2_R(3)   1.838e-02     1.272     00    00    Abgrall1993
 1017.831     H2_Q(5)   2.389e-02     1.386     00    00    Abgrall1993
 1018.214     H2_P(7)   8.757e-03     0.950     00    00    Abgrall1993
 1019.013     H2_R(6)   2.050e-02     1.320     00    00    Abgrall1993
 1019.500     H2_P(3)   1.048e-02     1.029     00    00    Abgrall1993
 1020.764     H2_R(4)   1.814e-02     1.268     00    00    Abgrall1993
 1020.798     H2_P(5)   1.085e-02     1.044     00    00    Abgrall1993
 1022.580     H2_P(6)   1.256e-02     1.109     00    00    Abgrall1993
 1023.434     H2_P(4)   1.049e-02     1.031     00    00    Abgrall1993
 1024.372     H2_R(0)   2.871e-02     1.468     00    00    Abgrall1993
 1024.986     H2_R(7)   1.958e-02     1.303     00    00    Abgrall1993
 1024.987     H2_R(5)   1.801e-02     1.266     00    00    Abgrall1993
 1024.986     H2_R(1)   1.958e-02     1.303     00    00    Abgrall1993
 1025.352     H2_P(1)   9.012e-03     0.966     00    00    Abgrall1993
 1026.526     H2_R(2)   1.797e-02     1.266     00    00    Abgrall1993
 1028.246     H2_P(2)   1.047e-02     1.032     00    00    Abgrall1993
 1028.246     H2_P(5)   1.047e-02     1.032     00    00    Abgrall1993
 1028.801     H2_P(7)   2.324e-02     1.379     00    00    Abgrall1993
 1028.985     H2_R(3)   1.739e-02     1.253     00    00    Abgrall1993
 1030.071     H2_R(6)   1.793e-02     1.266     00    00    Abgrall1993
 1031.191     H2_P(3)   1.111e-02     1.059     00    00    Abgrall1993
 1032.349     H2_R(4)   1.712e-02     1.247     00    00    Abgrall1993
 1033.914     H2_P(6)   1.046e-02     1.034     00    00    Abgrall1993
 1035.181     H2_P(4)   1.127e-02     1.067     00    00    Abgrall1993
 1036.000     H2_R(7)   1.788e-02     1.268     00    00    Abgrall1993
 1036.545     H2_R(0)   2.684e-02     1.444     00    00    Abgrall1993
 1036.604     H2_R(5)   1.697e-02     1.245     00    00    Abgrall1993
 1037.149     H2_R(1)   1.813e-02     1.274     00    00    Abgrall1993
 1038.157     H2_P(1)   8.661e-03     0.954     00    00    Abgrall1993
 1038.689     H2_R(2)   1.650e-02     1.234     00    00    Abgrall1993
 1040.058     H2_P(5)   1.130e-02     1.070     00    00    Abgrall1993
 1040.366     H2_P(2)   1.022e-02     1.027     00    00    Abgrall1993
 1040.422     H2_P(7)   1.049e-02     1.038     00    00    Abgrall1993
 1041.158     H2_R(3)   1.585e-02     1.218     00    00    Abgrall1993
 1041.729     H2_R(6)   1.685e-02     1.244     00    00    Abgrall1993
 1043.502     H2_P(3)   1.077e-02     1.051     00    00    Abgrall1993
 1044.542     H2_R(4)   1.548e-02     1.209     00    00    Abgrall1993
 1045.801     H2_P(6)   1.131e-02     1.073     00    00    Abgrall1993
 1047.550     H2_P(4)   1.099e-02     1.061     00    00    Abgrall1993
 1047.711     H2_R(7)   1.673e-02     1.244     00    00    Abgrall1993
 1048.829     H2_R(5)   1.523e-02     1.203     00    00    Abgrall1993
 1049.367     H2_R(0)   2.319e-02     1.386     00    00    Abgrall1993
 1049.960     H2_R(1)   1.555e-02     1.213     00    00    Abgrall1993
 1051.033     H2_P(1)   7.602e-03     0.903     00    00    Abgrall1993
 1051.498     H2_R(2)   1.403e-02     1.169     00    00    Abgrall1993
 1052.393     H2_P(7)   1.131e-02     1.076     00    00    Abgrall1993
 1052.496     H2_P(5)   1.108e-02     1.067     00    00    Abgrall1993
 1053.284     H2_P(2)   9.021e-03     0.978     00    00    Abgrall1993
 1053.976     H2_R(3)   1.336e-02     1.149     00    00    Abgrall1993
 1053.996     H2_R(6)   1.500e-02     1.199     00    00    Abgrall1993
 1056.472     H2_P(3)   9.556e-03     1.004     00    00    Abgrall1993
 1057.380     H2_R(4)   1.294e-02     1.136     00    00    Abgrall1993
 1058.316     H2_P(6)   1.111e-02     1.070     00    00    Abgrall1993
 1060.031     H2_R(7)   1.478e-02     1.195     00    00    Abgrall1993
 1060.581     H2_P(4)   9.794e-03     1.017     00    00    Abgrall1993
 1061.697     H2_R(5)   1.261e-02     1.127     00    00    Abgrall1993
 1062.882     H2_R(0)   1.790e-02     1.279     00    00    Abgrall1993
 1063.460     H2_R(1)   1.190e-02     1.102     00    00    Abgrall1993
 1064.606     H2_P(1)   5.941e-03     0.801     00    00    Abgrall1993
 1064.994     H2_R(2)   1.065e-02     1.055     00    00    Abgrall1993
 1064.996     H2_P(7)   1.112e-02     1.073     00    00    Abgrall1993
 1065.596     H2_P(5)   9.900e-03     1.023     00    00    Abgrall1993
 1066.900     H2_P(2)   7.089e-03     0.879     00    00    Abgrall1993
 1066.905     H2_R(6)   1.230e-02     1.118     00    00    Abgrall1993
 1067.479     H2_R(3)   1.004e-02     1.030     00    00    Abgrall1993
 1070.141     H2_P(3)   7.537e-03     0.907     00    00    Abgrall1993
 1070.900     H2_R(4)   9.626e-03     1.013     00    00    Abgrall1993
 1071.497     H2_P(6)   9.939e-03     1.027     00    00    Abgrall1993
 1072.992     H2_R(7)   1.200e-02     1.110     00    00    Abgrall1993
 1074.312     H2_P(4)   7.744e-03     0.920     00    00    Abgrall1993
 1075.245     H2_R(5)   9.279e-03     0.999     00    00    Abgrall1993
 1076.992     H2_R(0)   1.144e-02     1.091     00    00    Abgrall1993
 1077.700     H2_R(1)   7.693e-03     0.919     00    00    Abgrall1993
 1078.266     H2_P(7)   9.942e-03     1.030     00    00    Abgrall1993
 1078.927     H2_P(1)   3.921e-03     0.626     00    00    Abgrall1993
 1079.226     H2_R(2)   6.818e-03     0.867     00    00    Abgrall1993
 1079.400     H2_P(5)   7.835e-03     0.927     00    00    Abgrall1993
 1080.492     H2_R(6)   8.955e-03     0.986     00    00    Abgrall1993
 1081.267     H2_P(2)   4.699e-03     0.706     00    00    Abgrall1993
 1081.713     H2_R(3)   6.363e-03     0.838     00    00    Abgrall1993
 1084.562     H2_P(3)   5.008e-03     0.735     00    00    Abgrall1993
 1085.146     H2_R(4)   6.029e-03     0.816     00    00    Abgrall1993
 1085.382     H2_P(6)   7.859e-03     0.931     00    00    Abgrall1993
 1086.630     H2_R(7)   8.629e-03     0.972     00    00    Abgrall1993
 1088.796     H2_P(4)   5.151e-03     0.749     00    00    Abgrall1993
 1089.515     H2_R(5)   5.740e-03     0.796     00    00    Abgrall1993
 1092.195     H2_R(0)   5.784e-03     0.801     00    00    Abgrall1993
 1092.243     H2_P(7)   7.843e-03     0.933     00    00    Abgrall1993
 1092.732     H2_R(1)   3.780e-03     0.616     00    00    Abgrall1993
 1093.956     H2_P(5)   5.207e-03     0.756     00    00    Abgrall1993
 1094.052     H2_P(1)   1.968e-03     0.333     00    00    Abgrall1993
 1094.244     H2_R(2)   3.312e-03     0.559     00    00    Abgrall1993
 1094.797     H2_R(6)   5.463e-03     0.777     00    00    Abgrall1993
 1096.438     H2_P(2)   2.366e-03     0.414     00    00    Abgrall1993
 1096.725     H2_R(3)   3.053e-03     0.525     00    00    Abgrall1993
 1099.787     H2_P(3)   2.526e-03     0.444     00    00    Abgrall1993
 1100.019     H2_P(6)   5.210e-03     0.758     00    00    Abgrall1993
 1100.164     H2_R(4)   2.854e-03     0.497     00    00    Abgrall1993
 1100.982     H2_R(7)   5.188e-03     0.757     00    00    Abgrall1993
 1104.083     H2_P(4)   2.594e-03     0.457     00    00    Abgrall1993
 1104.083     H2_R(5)   2.594e-03     0.457     00    00    Abgrall1993
 1106.971     H2_P(7)   5.174e-03     0.758     00    00    Abgrall1993
 1108.127     H2_R(0)   1.665e-03     0.266     00    00    Abgrall1993
 1108.633     H2_R(1)   1.077e-03     0.077     00    00    Abgrall1993
 1109.313     H2_P(5)   2.614e-03     0.462     00    00    Abgrall1993
 1109.859     H2_R(6)   2.506e-03     0.444     00    00    Abgrall1993
 1110.063     H2_P(1)   5.739e-04    -0.196     00    00    Abgrall1993
 1110.120     H2_R(2)   9.322e-04     0.015     00    00    Abgrall1993
 1112.495     H2_P(2)   6.915e-04    -0.114     00    00    Abgrall1993
 1112.583     H2_R(3)   8.468e-04    -0.026     00    00    Abgrall1993
 1115.454     H2_P(6)   2.603e-03     0.463     00    00    Abgrall1993
 1115.895     H2_P(3)   7.381e-04    -0.084     00    00    Abgrall1993
 1116.013     H2_R(4)   7.780e-04    -0.061     00    00    Abgrall1993
 1116.084     H2_R(7)   2.337e-03     0.416     00    00    Abgrall1993
 1120.248     H2_P(4)   7.560e-04    -0.072     00    00    Abgrall1993
 1120.399     H2_R(5)   7.157e-04    -0.096     00    00    Abgrall1993
 1122.493     H2_P(7)   2.567e-03     0.460     00    00    Abgrall1993
 1125.540     H2_P(5)   7.577e-04    -0.069     00    00    Abgrall1993
 1125.723     H2_R(6)   6.563e-04    -0.131     00    00    Abgrall1993
 1131.750     H2_P(6)   7.479e-04    -0.072     00    00    Abgrall1993
 1131.974     H2_R(7)   5.992e-04    -0.169     00    00    Abgrall1993
 1138.867     H2_P(7)   7.297e-04    -0.080     00    00    Abgrall1993
